1462.61 1462.97 1463.64 1464.59 1466.01 1468.11 1472.11 1478.45 1479.66 1484.46 1490.39 1500.22 1500.29
1462.97 1463.64 1464.59 1466.01 1468.11 1472.11 1478.45 1479.66 1484.46 1490.39 1500.22 1500.29 1500.4
1463.64 1464.59 1466.01 1468.11 1472.11 1478.45 1479.66 1484.46 1490.39 1500.22 1500.29 1500.4 1500.59
1464.59 1466.01 1468.11 1472.11 1478.45 1479.66 1484.46 1490.39 1500.22 1500.29 1500.4 1500.59 1501.07
1466.01 1468.11 1472.11 1478.45 1479.66 1484.46 1490.39 1500.22 1500.29 1500.4 1500.59 1501.07 1501.48
1468.11 1472.11 1478.45 1479.66 1484.46 1490.39 1500.22 1500.29 1500.4 1500.59 1501.07 1501.48 1501.11
1472.11 1478.45 1479.66 1484.46 1490.39 1500.22 1500.29 1500.4 1500.59 1501.07 1501.48 1501.11 1500.46
1478.45 1479.66 1484.46 1490.39 1500.22 1500.29 1500.4 1500.59 1501.07 1501.48 1501.11 1500.46 1501.11
1479.66 1484.46 1490.39 1500.22 1500.29 1500.4 1500.59 1501.07 1501.48 1501.11 1500.46 1501.11 1504.09
1484.46 1490.39 1500.22 1500.29 1500.4 1500.59 1501.07 1501.48 1501.11 1500.46 1501.11 1504.09 1507.15
1490.39 1500.22 1500.29 1500.4 1500.59 1501.07 1501.48 1501.11 1500.46 1501.11 1504.09 1507.15 1507.45
1500.22 1500.29 1500.4 1500.59 1501.07 1501.48 1501.11 1500.46 1501.11 1504.09 1507.15 1507.45 1515.55
1500.29 1500.4 1500.59 1501.07 1501.48 1501.11 1500.46 1501.11 1504.09 1507.15 1507.45 1515.55 1515.58
1500.4 1500.59 1501.07 1501.48 1501.11 1500.46 1501.11 1504.09 1507.15 1507.45 1515.55 1515.58 1515.64
1500.59 1501.07 1501.48 1501.11 1500.46 1501.11 1504.09 1507.15 1507.45 1515.55 1515.58 1515.64 1515.65
1501.07 1501.48 1501.11 1500.46 1501.11 1504.09 1507.15 1507.45 1515.55 1515.58 1515.64 1515.65 1515.51
1501.48 1501.11 1500.46 1501.11 1504.09 1507.15 1507.45 1515.55 1515.58 1515.64 1515.65 1515.51 1514.97
1501.11 1500.46 1501.11 1504.09 1507.15 1507.45 1515.55 1515.58 1515.64 1515.65 1515.51 1514.97 1514.77
1500.46 1501.11 1504.09 1507.15 1507.45 1515.55 1515.58 1515.64 1515.65 1515.51 1514.97 1514.77 1514.53
1501.11 1504.09 1507.15 1507.45 1515.55 1515.58 1515.64 1515.65 1515.51 1514.97 1514.77 1514.53 1511.92
1504.09 1507.15 1507.45 1515.55 1515.58 1515.64 1515.65 1515.51 1514.97 1514.77 1514.53 1511.92 1507.66
1507.15 1507.45 1515.55 1515.58 1515.64 1515.65 1515.51 1514.97 1514.77 1514.53 1511.92 1507.66 1501.16
1507.45 1515.55 1515.58 1515.64 1515.65 1515.51 1514.97 1514.77 1514.53 1511.92 1507.66 1501.16 1488.85
1515.55 1515.58 1515.64 1515.65 1515.51 1514.97 1514.77 1514.53 1511.92 1507.66 1501.16 1488.85 1467.58
1515.58 1515.64 1515.65 1515.51 1514.97 1514.77 1514.53 1511.92 1507.66 1501.16 1488.85 1467.58 1467.42
1515.64 1515.65 1515.51 1514.97 1514.77 1514.53 1511.92 1507.66 1501.16 1488.85 1467.58 1467.42 1467.31
1515.65 1515.51 1514.97 1514.77 1514.53 1511.92 1507.66 1501.16 1488.85 1467.58 1467.42 1467.31 1467.2
1515.51 1514.97 1514.77 1514.53 1511.92 1507.66 1501.16 1488.85 1467.58 1467.42 1467.31 1467.2 1466.96
1514.97 1514.77 1514.53 1511.92 1507.66 1501.16 1488.85 1467.58 1467.42 1467.31 1467.2 1466.96 1466.79
1514.77 1514.53 1511.92 1507.66 1501.16 1488.85 1467.58 1467.42 1467.31 1467.2 1466.96 1466.79 1467.42
1514.53 1511.92 1507.66 1501.16 1488.85 1467.58 1467.42 1467.31 1467.2 1466.96 1466.79 1467.42 1468.01
1511.92 1507.66 1501.16 1488.85 1467.58 1467.42 1467.31 1467.2 1466.96 1466.79 1467.42 1468.01 1470.57
1507.66 1501.16 1488.85 1467.58 1467.42 1467.31 1467.2 1466.96 1466.79 1467.42 1468.01 1470.57 1475.68
1501.16 1488.85 1467.58 1467.42 1467.31 1467.2 1466.96 1466.79 1467.42 1468.01 1470.57 1475.68 1483.3
1488.85 1467.58 1467.42 1467.31 1467.2 1466.96 1466.79 1467.42 1468.01 1470.57 1475.68 1483.3 1495.57
1467.58 1467.42 1467.31 1467.2 1466.96 1466.79 1467.42 1468.01 1470.57 1475.68 1483.3 1495.57 1515.16
1467.42 1467.31 1467.2 1466.96 1466.79 1467.42 1468.01 1470.57 1475.68 1483.3 1495.57 1515.16 1515.3
1467.31 1467.2 1466.96 1466.79 1467.42 1468.01 1470.57 1475.68 1483.3 1495.57 1515.16 1515.3 1515.42
1467.2 1466.96 1466.79 1467.42 1468.01 1470.57 1475.68 1483.3 1495.57 1515.16 1515.3 1515.42 1515.77
1466.96 1466.79 1467.42 1468.01 1470.57 1475.68 1483.3 1495.57 1515.16 1515.3 1515.42 1515.77 1516.48
1466.79 1467.42 1468.01 1470.57 1475.68 1483.3 1495.57 1515.16 1515.3 1515.42 1515.77 1516.48 1518.08
1467.42 1468.01 1470.57 1475.68 1483.3 1495.57 1515.16 1515.3 1515.42 1515.77 1516.48 1518.08 1520.57
1468.01 1470.57 1475.68 1483.3 1495.57 1515.16 1515.3 1515.42 1515.77 1516.48 1518.08 1520.57 1525.39
1470.57 1475.68 1483.3 1495.57 1515.16 1515.3 1515.42 1515.77 1516.48 1518.08 1520.57 1525.39 1530.73
1475.68 1483.3 1495.57 1515.16 1515.3 1515.42 1515.77 1516.48 1518.08 1520.57 1525.39 1530.73 1538.97
1483.3 1495.57 1515.16 1515.3 1515.42 1515.77 1516.48 1518.08 1520.57 1525.39 1530.73 1538.97 1550.93
1495.57 1515.16 1515.3 1515.42 1515.77 1516.48 1518.08 1520.57 1525.39 1530.73 1538.97 1550.93 1565.12
1515.16 1515.3 1515.42 1515.77 1516.48 1518.08 1520.57 1525.39 1530.73 1538.97 1550.93 1565.12 1583.34
1515.3 1515.42 1515.77 1516.48 1518.08 1520.57 1525.39 1530.73 1538.97 1550.93 1565.12 1583.34 1583.41
1515.42 1515.77 1516.48 1518.08 1520.57 1525.39 1530.73 1538.97 1550.93 1565.12 1583.34 1583.41 1583.36
1515.77 1516.48 1518.08 1520.57 1525.39 1530.73 1538.97 1550.93 1565.12 1583.34 1583.41 1583.36 1583.06
1516.48 1518.08 1520.57 1525.39 1530.73 1538.97 1550.93 1565.12 1583.34 1583.41 1583.36 1583.06 1582.96
1518.08 1520.57 1525.39 1530.73 1538.97 1550.93 1565.12 1583.34 1583.41 1583.36 1583.06 1582.96 1582.06
1520.57 1525.39 1530.73 1538.97 1550.93 1565.12 1583.34 1583.41 1583.36 1583.06 1582.96 1582.06 1580.04
1525.39 1530.73 1538.97 1550.93 1565.12 1583.34 1583.41 1583.36 1583.06 1582.96 1582.06 1580.04 1576.6
1530.73 1538.97 1550.93 1565.12 1583.34 1583.41 1583.36 1583.06 1582.96 1582.06 1580.04 1576.6 1569.85
1538.97 1550.93 1565.12 1583.34 1583.41 1583.36 1583.06 1582.96 1582.06 1580.04 1576.6 1569.85 1561.65
1550.93 1565.12 1583.34 1583.41 1583.36 1583.06 1582.96 1582.06 1580.04 1576.6 1569.85 1561.65 1554.66
1565.12 1583.34 1583.41 1583.36 1583.06 1582.96 1582.06 1580.04 1576.6 1569.85 1561.65 1554.66 1550.57
1583.34 1583.41 1583.36 1583.06 1582.96 1582.06 1580.04 1576.6 1569.85 1561.65 1554.66 1550.57 1545.5
1583.41 1583.36 1583.06 1582.96 1582.06 1580.04 1576.6 1569.85 1561.65 1554.66 1550.57 1545.5 1545.48
1583.36 1583.06 1582.96 1582.06 1580.04 1576.6 1569.85 1561.65 1554.66 1550.57 1545.5 1545.48 1545.56
1583.06 1582.96 1582.06 1580.04 1576.6 1569.85 1561.65 1554.66 1550.57 1545.5 1545.48 1545.56 1545.88
1582.96 1582.06 1580.04 1576.6 1569.85 1561.65 1554.66 1550.57 1545.5 1545.48 1545.56 1545.88 1546.06
1582.06 1580.04 1576.6 1569.85 1561.65 1554.66 1550.57 1545.5 1545.48 1545.56 1545.88 1546.06 1546.86
1580.04 1576.6 1569.85 1561.65 1554.66 1550.57 1545.5 1545.48 1545.56 1545.88 1546.06 1546.86 1547.86
1576.6 1569.85 1561.65 1554.66 1550.57 1545.5 1545.48 1545.56 1545.88 1546.06 1546.86 1547.86 1548.55
1569.85 1561.65 1554.66 1550.57 1545.5 1545.48 1545.56 1545.88 1546.06 1546.86 1547.86 1548.55 1553.18
1561.65 1554.66 1550.57 1545.5 1545.48 1545.56 1545.88 1546.06 1546.86 1547.86 1548.55 1553.18 1558
1554.66 1550.57 1545.5 1545.48 1545.56 1545.88 1546.06 1546.86 1547.86 1548.55 1553.18 1558 1561.11
1550.57 1545.5 1545.48 1545.56 1545.88 1546.06 1546.86 1547.86 1548.55 1553.18 1558 1561.11 1562.95
1545.5 1545.48 1545.56 1545.88 1546.06 1546.86 1547.86 1548.55 1553.18 1558 1561.11 1562.95 1570.1
1545.48 1545.56 1545.88 1546.06 1546.86 1547.86 1548.55 1553.18 1558 1561.11 1562.95 1570.1 1570.15
1545.56 1545.88 1546.06 1546.86 1547.86 1548.55 1553.18 1558 1561.11 1562.95 1570.1 1570.15 1570.17
1545.88 1546.06 1546.86 1547.86 1548.55 1553.18 1558 1561.11 1562.95 1570.1 1570.15 1570.17 1570.08
1546.06 1546.86 1547.86 1548.55 1553.18 1558 1561.11 1562.95 1570.1 1570.15 1570.17 1570.08 1569.9
1546.86 1547.86 1548.55 1553.18 1558 1561.11 1562.95 1570.1 1570.15 1570.17 1570.08 1569.9 1569.86
1547.86 1548.55 1553.18 1558 1561.11 1562.95 1570.1 1570.15 1570.17 1570.08 1569.9 1569.86 1569.72
1548.55 1553.18 1558 1561.11 1562.95 1570.1 1570.15 1570.17 1570.08 1569.9 1569.86 1569.72 1570.24
1553.18 1558 1561.11 1562.95 1570.1 1570.15 1570.17 1570.08 1569.9 1569.86 1569.72 1570.24 1569.77
1558 1561.11 1562.95 1570.1 1570.15 1570.17 1570.08 1569.9 1569.86 1569.72 1570.24 1569.77 1568.04
1561.11 1562.95 1570.1 1570.15 1570.17 1570.08 1569.9 1569.86 1569.72 1570.24 1569.77 1568.04 1564.73
1562.95 1570.1 1570.15 1570.17 1570.08 1569.9 1569.86 1569.72 1570.24 1569.77 1568.04 1564.73 1559.17
1570.1 1570.15 1570.17 1570.08 1569.9 1569.86 1569.72 1570.24 1569.77 1568.04 1564.73 1559.17 1542.07
1570.15 1570.17 1570.08 1569.9 1569.86 1569.72 1570.24 1569.77 1568.04 1564.73 1559.17 1542.07 1541.95
1570.17 1570.08 1569.9 1569.86 1569.72 1570.24 1569.77 1568.04 1564.73 1559.17 1542.07 1541.95 1541.88
1570.08 1569.9 1569.86 1569.72 1570.24 1569.77 1568.04 1564.73 1559.17 1542.07 1541.95 1541.88 1541.73
1569.9 1569.86 1569.72 1570.24 1569.77 1568.04 1564.73 1559.17 1542.07 1541.95 1541.88 1541.73 1541.55
1569.86 1569.72 1570.24 1569.77 1568.04 1564.73 1559.17 1542.07 1541.95 1541.88 1541.73 1541.55 1540.63
1569.72 1570.24 1569.77 1568.04 1564.73 1559.17 1542.07 1541.95 1541.88 1541.73 1541.55 1540.63 1539.01
1570.24 1569.77 1568.04 1564.73 1559.17 1542.07 1541.95 1541.88 1541.73 1541.55 1540.63 1539.01 1536.18
1569.77 1568.04 1564.73 1559.17 1542.07 1541.95 1541.88 1541.73 1541.55 1540.63 1539.01 1536.18 1532.82
1568.04 1564.73 1559.17 1542.07 1541.95 1541.88 1541.73 1541.55 1540.63 1539.01 1536.18 1532.82 1528.05
1564.73 1559.17 1542.07 1541.95 1541.88 1541.73 1541.55 1540.63 1539.01 1536.18 1532.82 1528.05 1520.52
1559.17 1542.07 1541.95 1541.88 1541.73 1541.55 1540.63 1539.01 1536.18 1532.82 1528.05 1520.52 1511.7
1542.07 1541.95 1541.88 1541.73 1541.55 1540.63 1539.01 1536.18 1532.82 1528.05 1520.52 1511.7 1505.01
1541.95 1541.88 1541.73 1541.55 1540.63 1539.01 1536.18 1532.82 1528.05 1520.52 1511.7 1505.01 1504.99
1541.88 1541.73 1541.55 1540.63 1539.01 1536.18 1532.82 1528.05 1520.52 1511.7 1505.01 1504.99 1505.04
1541.73 1541.55 1540.63 1539.01 1536.18 1532.82 1528.05 1520.52 1511.7 1505.01 1504.99 1505.04 1505.19
1541.55 1540.63 1539.01 1536.18 1532.82 1528.05 1520.52 1511.7 1505.01 1504.99 1505.04 1505.19 1505.23
1540.63 1539.01 1536.18 1532.82 1528.05 1520.52 1511.7 1505.01 1504.99 1505.04 1505.19 1505.23 1505.61
1539.01 1536.18 1532.82 1528.05 1520.52 1511.7 1505.01 1504.99 1505.04 1505.19 1505.23 1505.61 1506.54
1536.18 1532.82 1528.05 1520.52 1511.7 1505.01 1504.99 1505.04 1505.19 1505.23 1505.61 1506.54 1508.43
1532.82 1528.05 1520.52 1511.7 1505.01 1504.99 1505.04 1505.19 1505.23 1505.61 1506.54 1508.43 1508.84
1528.05 1520.52 1511.7 1505.01 1504.99 1505.04 1505.19 1505.23 1505.61 1506.54 1508.43 1508.84 1508.07
1520.52 1511.7 1505.01 1504.99 1505.04 1505.19 1505.23 1505.61 1506.54 1508.43 1508.84 1508.07 1507.5
1511.7 1505.01 1504.99 1505.04 1505.19 1505.23 1505.61 1506.54 1508.43 1508.84 1508.07 1507.5 1507.66
1505.01 1504.99 1505.04 1505.19 1505.23 1505.61 1506.54 1508.43 1508.84 1508.07 1507.5 1507.66 1500.55
1504.99 1505.04 1505.19 1505.23 1505.61 1506.54 1508.43 1508.84 1508.07 1507.5 1507.66 1500.55 1500.48
1505.04 1505.19 1505.23 1505.61 1506.54 1508.43 1508.84 1508.07 1507.5 1507.66 1500.55 1500.48 1500.32
1505.19 1505.23 1505.61 1506.54 1508.43 1508.84 1508.07 1507.5 1507.66 1500.55 1500.48 1500.32 1500.04
1505.23 1505.61 1506.54 1508.43 1508.84 1508.07 1507.5 1507.66 1500.55 1500.48 1500.32 1500.04 1499.71
1505.61 1506.54 1508.43 1508.84 1508.07 1507.5 1507.66 1500.55 1500.48 1500.32 1500.04 1499.71 1499.06
1506.54 1508.43 1508.84 1508.07 1507.5 1507.66 1500.55 1500.48 1500.32 1500.04 1499.71 1499.06 1497.95
1508.43 1508.84 1508.07 1507.5 1507.66 1500.55 1500.48 1500.32 1500.04 1499.71 1499.06 1497.95 1496.39
1508.84 1508.07 1507.5 1507.66 1500.55 1500.48 1500.32 1500.04 1499.71 1499.06 1497.95 1496.39 1495.67
1508.07 1507.5 1507.66 1500.55 1500.48 1500.32 1500.04 1499.71 1499.06 1497.95 1496.39 1495.67 1494.8
1507.5 1507.66 1500.55 1500.48 1500.32 1500.04 1499.71 1499.06 1497.95 1496.39 1495.67 1494.8 1493.18
1507.66 1500.55 1500.48 1500.32 1500.04 1499.71 1499.06 1497.95 1496.39 1495.67 1494.8 1493.18 1485.87
1500.55 1500.48 1500.32 1500.04 1499.71 1499.06 1497.95 1496.39 1495.67 1494.8 1493.18 1485.87 1478.58
1500.48 1500.32 1500.04 1499.71 1499.06 1497.95 1496.39 1495.67 1494.8 1493.18 1485.87 1478.58 1478.58
1500.32 1500.04 1499.71 1499.06 1497.95 1496.39 1495.67 1494.8 1493.18 1485.87 1478.58 1478.58 1478.57
1500.04 1499.71 1499.06 1497.95 1496.39 1495.67 1494.8 1493.18 1485.87 1478.58 1478.58 1478.57 1478.45
1499.71 1499.06 1497.95 1496.39 1495.67 1494.8 1493.18 1485.87 1478.58 1478.58 1478.57 1478.45 1478.22
1499.06 1497.95 1496.39 1495.67 1494.8 1493.18 1485.87 1478.58 1478.58 1478.57 1478.45 1478.22 1477.8
1497.95 1496.39 1495.67 1494.8 1493.18 1485.87 1478.58 1478.58 1478.57 1478.45 1478.22 1477.8 1477.22
1496.39 1495.67 1494.8 1493.18 1485.87 1478.58 1478.58 1478.57 1478.45 1478.22 1477.8 1477.22 1475.4
1495.67 1494.8 1493.18 1485.87 1478.58 1478.58 1478.57 1478.45 1478.22 1477.8 1477.22 1475.4 1472.42
1494.8 1493.18 1485.87 1478.58 1478.58 1478.57 1478.45 1478.22 1477.8 1477.22 1475.4 1472.42 1468.14
1493.18 1485.87 1478.58 1478.58 1478.57 1478.45 1478.22 1477.8 1477.22 1475.4 1472.42 1468.14 1458.6
1485.87 1478.58 1478.58 1478.57 1478.45 1478.22 1477.8 1477.22 1475.4 1472.42 1468.14 1458.6 1447.7
1478.58 1478.58 1478.57 1478.45 1478.22 1477.8 1477.22 1475.4 1472.42 1468.14 1458.6 1447.7 1428.92
1478.58 1478.57 1478.45 1478.22 1477.8 1477.22 1475.4 1472.42 1468.14 1458.6 1447.7 1428.92 1428.75
1478.57 1478.45 1478.22 1477.8 1477.22 1475.4 1472.42 1468.14 1458.6 1447.7 1428.92 1428.75 1428.63
1478.45 1478.22 1477.8 1477.22 1475.4 1472.42 1468.14 1458.6 1447.7 1428.92 1428.75 1428.63 1428.6
1478.22 1477.8 1477.22 1475.4 1472.42 1468.14 1458.6 1447.7 1428.92 1428.75 1428.63 1428.6 1428.57
1477.8 1477.22 1475.4 1472.42 1468.14 1458.6 1447.7 1428.92 1428.75 1428.63 1428.6 1428.57 1428.61
1477.22 1475.4 1472.42 1468.14 1458.6 1447.7 1428.92 1428.75 1428.63 1428.6 1428.57 1428.61 1428.56
1475.4 1472.42 1468.14 1458.6 1447.7 1428.92 1428.75 1428.63 1428.6 1428.57 1428.61 1428.56 1428.21
1472.42 1468.14 1458.6 1447.7 1428.92 1428.75 1428.63 1428.6 1428.57 1428.61 1428.56 1428.21 1427.35
1468.14 1458.6 1447.7 1428.92 1428.75 1428.63 1428.6 1428.57 1428.61 1428.56 1428.21 1427.35 1425.65
1458.6 1447.7 1428.92 1428.75 1428.63 1428.6 1428.57 1428.61 1428.56 1428.21 1427.35 1425.65 1425.79
1447.7 1428.92 1428.75 1428.63 1428.6 1428.57 1428.61 1428.56 1428.21 1427.35 1425.65 1425.79 1425.5
1428.92 1428.75 1428.63 1428.6 1428.57 1428.61 1428.56 1428.21 1427.35 1425.65 1425.79 1425.5 1419.29
1428.75 1428.63 1428.6 1428.57 1428.61 1428.56 1428.21 1427.35 1425.65 1425.79 1425.5 1419.29 1419.25
1428.63 1428.6 1428.57 1428.61 1428.56 1428.21 1427.35 1425.65 1425.79 1425.5 1419.29 1419.25 1419.2
1428.6 1428.57 1428.61 1428.56 1428.21 1427.35 1425.65 1425.79 1425.5 1419.29 1419.25 1419.2 1418.88
1428.57 1428.61 1428.56 1428.21 1427.35 1425.65 1425.79 1425.5 1419.29 1419.25 1419.2 1418.88 1418.44
1428.61 1428.56 1428.21 1427.35 1425.65 1425.79 1425.5 1419.29 1419.25 1419.2 1418.88 1418.44 1417.69
1428.56 1428.21 1427.35 1425.65 1425.79 1425.5 1419.29 1419.25 1419.2 1418.88 1418.44 1417.69 1416.28
1428.21 1427.35 1425.65 1425.79 1425.5 1419.29 1419.25 1419.2 1418.88 1418.44 1417.69 1416.28 1414.85
1427.35 1425.65 1425.79 1425.5 1419.29 1419.25 1419.2 1418.88 1418.44 1417.69 1416.28 1414.85 1413.09
1425.65 1425.79 1425.5 1419.29 1419.25 1419.2 1418.88 1418.44 1417.69 1416.28 1414.85 1413.09 1409.13
1425.79 1425.5 1419.29 1419.25 1419.2 1418.88 1418.44 1417.69 1416.28 1414.85 1413.09 1409.13 1401.48
1425.5 1419.29 1419.25 1419.2 1418.88 1418.44 1417.69 1416.28 1414.85 1413.09 1409.13 1401.48 1385.24
1419.29 1419.25 1419.2 1418.88 1418.44 1417.69 1416.28 1414.85 1413.09 1409.13 1401.48 1385.24 1369.15
1419.25 1419.2 1418.88 1418.44 1417.69 1416.28 1414.85 1413.09 1409.13 1401.48 1385.24 1369.15 1369.08
1419.2 1418.88 1418.44 1417.69 1416.28 1414.85 1413.09 1409.13 1401.48 1385.24 1369.15 1369.08 1368.98
1418.88 1418.44 1417.69 1416.28 1414.85 1413.09 1409.13 1401.48 1385.24 1369.15 1369.08 1368.98 1369.06
1418.44 1417.69 1416.28 1414.85 1413.09 1409.13 1401.48 1385.24 1369.15 1369.08 1368.98 1369.06 1369.13
1417.69 1416.28 1414.85 1413.09 1409.13 1401.48 1385.24 1369.15 1369.08 1368.98 1369.06 1369.13 1369.09
1416.28 1414.85 1413.09 1409.13 1401.48 1385.24 1369.15 1369.08 1368.98 1369.06 1369.13 1369.09 1369.12
1414.85 1413.09 1409.13 1401.48 1385.24 1369.15 1369.08 1368.98 1369.06 1369.13 1369.09 1369.12 1368.27
1413.09 1409.13 1401.48 1385.24 1369.15 1369.08 1368.98 1369.06 1369.13 1369.09 1369.12 1368.27 1366.95
1409.13 1401.48 1385.24 1369.15 1369.08 1368.98 1369.06 1369.13 1369.09 1369.12 1368.27 1366.95 1365.43
1401.48 1385.24 1369.15 1369.08 1368.98 1369.06 1369.13 1369.09 1369.12 1368.27 1366.95 1365.43 1364.48
1385.24 1369.15 1369.08 1368.98 1369.06 1369.13 1369.09 1369.12 1368.27 1366.95 1365.43 1364.48 1374.58
1369.15 1369.08 1368.98 1369.06 1369.13 1369.09 1369.12 1368.27 1366.95 1365.43 1364.48 1374.58 1382.04
1369.08 1368.98 1369.06 1369.13 1369.09 1369.12 1368.27 1366.95 1365.43 1364.48 1374.58 1382.04 1382.07
1368.98 1369.06 1369.13 1369.09 1369.12 1368.27 1366.95 1365.43 1364.48 1374.58 1382.04 1382.07 1382.07
1369.06 1369.13 1369.09 1369.12 1368.27 1366.95 1365.43 1364.48 1374.58 1382.04 1382.07 1382.07 1381.88
1369.13 1369.09 1369.12 1368.27 1366.95 1365.43 1364.48 1374.58 1382.04 1382.07 1382.07 1381.88 1381.58
1369.09 1369.12 1368.27 1366.95 1365.43 1364.48 1374.58 1382.04 1382.07 1382.07 1381.88 1381.58 1381
1369.12 1368.27 1366.95 1365.43 1364.48 1374.58 1382.04 1382.07 1382.07 1381.88 1381.58 1381 1380.26
1368.27 1366.95 1365.43 1364.48 1374.58 1382.04 1382.07 1382.07 1381.88 1381.58 1381 1380.26 1380.21
1366.95 1365.43 1364.48 1374.58 1382.04 1382.07 1382.07 1381.88 1381.58 1381 1380.26 1380.21 1381.27