19.1571 16.16 15.1229 23.7071
16.16 15.1229 23.7071 8.93714
15.1229 23.7071 8.93714 -15.9071
23.7071 8.93714 -15.9071 -63.6557
8.93714 -15.9071 -63.6557 -56.9443
-15.9071 -63.6557 -56.9443 -87.2243
-63.6557 -56.9443 -87.2243 -116.011
-56.9443 -87.2243 -116.011 -35.36
-87.2243 -116.011 -35.36 -41.4457
-116.011 -35.36 -41.4457 2.84429
-35.36 -41.4457 2.84429 4.6
-41.4457 2.84429 4.6 -25.3
2.84429 4.6 -25.3 -48.7729
4.6 -25.3 -48.7729 -59.9757
-25.3 -48.7729 -59.9757 -20.0071
-48.7729 -59.9757 -20.0071 69.35
-59.9757 -20.0071 69.35 55.4729
-20.0071 69.35 55.4729 44.8271
69.35 55.4729 44.8271 62.5729
55.4729 44.8271 62.5729 -53.5957
44.8271 62.5729 -53.5957 7.9
62.5729 -53.5957 7.9 37.2043
-53.5957 7.9 37.2043 14.5086
7.9 37.2043 14.5086 18.8914
37.2043 14.5086 18.8914 -78.7886
14.5086 18.8914 -78.7886 -117.917
18.8914 -78.7886 -117.917 -97.5
-78.7886 -117.917 -97.5 -58.7229
-117.917 -97.5 -58.7229 -6.28286
-97.5 -58.7229 -6.28286 26.1143
-58.7229 -6.28286 26.1143 32.4114
-6.28286 26.1143 32.4114 -24.3571
26.1143 32.4114 -24.3571 -27.8971
32.4114 -24.3571 -27.8971 -25.1386
-24.3571 -27.8971 -25.1386 -46.5957
-27.8971 -25.1386 -46.5957 -61.2814
-25.1386 -46.5957 -61.2814 -34.5471
-46.5957 -61.2814 -34.5471 -57.99
-61.2814 -34.5471 -57.99 -63.4743
-34.5471 -57.99 -63.4743 -21.8657
-57.99 -63.4743 -21.8657 -91.38
-63.4743 -21.8657 -91.38 -99.2929
-21.8657 -91.38 -99.2929 -71.9257
-91.38 -99.2929 -71.9257 -57.3457
-99.2929 -71.9257 -57.3457 0.575714
-71.9257 -57.3457 0.575714 -2.17286
-57.3457 0.575714 -2.17286 -14.9271
0.575714 -2.17286 -14.9271 -33.5557
-2.17286 -14.9271 -33.5557 -114.084
-14.9271 -33.5557 -114.084 -65.6486
-33.5557 -114.084 -65.6486 -81.4871
-114.084 -65.6486 -81.4871 -115.999
-65.6486 -81.4871 -115.999 -24.2457
-81.4871 -115.999 -24.2457 -34.2886
-115.999 -24.2457 -34.2886 2.97143
-24.2457 -34.2886 2.97143 47.6771
-34.2886 2.97143 47.6771 -45.4729
2.97143 47.6771 -45.4729 -51.2629
47.6771 -45.4729 -51.2629 -70.1529
-45.4729 -51.2629 -70.1529 -129.907
-51.2629 -70.1529 -129.907 -22.6314
-70.1529 -129.907 -22.6314 -39
-129.907 -22.6314 -39 -51.8586
-22.6314 -39 -51.8586 -32.3871
-39 -51.8586 -32.3871 -44.9743
-51.8586 -32.3871 -44.9743 -32.4657
-32.3871 -44.9743 -32.4657 -3.98
-44.9743 -32.4657 -3.98 119.669
-32.4657 -3.98 119.669 99.2729
-3.98 119.669 99.2729 83.01
119.669 99.2729 83.01 71.3171
99.2729 83.01 71.3171 32.7457
83.01 71.3171 32.7457 72.68
71.3171 32.7457 72.68 80.6114
32.7457 72.68 80.6114 51.6057
72.68 80.6114 51.6057 25.3171
80.6114 51.6057 25.3171 -22.3614
51.6057 25.3171 -22.3614 -16.5043
25.3171 -22.3614 -16.5043 -3.98857
-22.3614 -16.5043 -3.98857 1.58286
-16.5043 -3.98857 1.58286 11.5429
-3.98857 1.58286 11.5429 7.74571
1.58286 11.5429 7.74571 14.4986
11.5429 7.74571 14.4986 -59.4414
7.74571 14.4986 -59.4414 -7.52429
14.4986 -59.4414 -7.52429 -14.02
-59.4414 -7.52429 -14.02 -13.03
-7.52429 -14.02 -13.03 2.12714
-14.02 -13.03 2.12714 -36.5129
-13.03 2.12714 -36.5129 -16.2014
2.12714 -36.5129 -16.2014 -22.6371
-36.5129 -16.2014 -22.6371 17.4943
-16.2014 -22.6371 17.4943 23.8457
-22.6371 17.4943 23.8457 8.66571
17.4943 23.8457 8.66571 7.39429
23.8457 8.66571 7.39429 -6.94
8.66571 7.39429 -6.94 -27.37
7.39429 -6.94 -27.37 -60.8986
-6.94 -27.37 -60.8986 -58.27
-27.37 -60.8986 -58.27 -72.1129
-60.8986 -58.27 -72.1129 -100.72
-58.27 -72.1129 -100.72 -63.2
-72.1129 -100.72 -63.2 -67.6657
-100.72 -63.2 -67.6657 -6.78857
-63.2 -67.6657 -6.78857 -51.15
-67.6657 -6.78857 -51.15 -40.0686
-6.78857 -51.15 -40.0686 -38.9214
-51.15 -40.0686 -38.9214 -68.5671
-40.0686 -38.9214 -68.5671 57.5314
-38.9214 -68.5671 57.5314 45.2414
-68.5671 57.5314 45.2414 33.5129
57.5314 45.2414 33.5129 17.8186
45.2414 33.5129 17.8186 -62.1014
33.5129 17.8186 -62.1014 -61.6329
17.8186 -62.1014 -61.6329 -32.3157
-62.1014 -61.6329 -32.3157 -38.4043
-61.6329 -32.3157 -38.4043 50.31
-32.3157 -38.4043 50.31 53.5143
-38.4043 50.31 53.5143 61.2
50.31 53.5143 61.2 57.9257
53.5143 61.2 57.9257 -2.64429
61.2 57.9257 -2.64429 -2.77571
57.9257 -2.64429 -2.77571 -31.9771
-2.64429 -2.77571 -31.9771 -40.1143
-2.77571 -31.9771 -40.1143 -41.0871
-31.9771 -40.1143 -41.0871 -30.8071
-40.1143 -41.0871 -30.8071 -4.82714
-41.0871 -30.8071 -4.82714 11.8243
-30.8071 -4.82714 11.8243 17.3186
-4.82714 11.8243 17.3186 14.2971
11.8243 17.3186 14.2971 -4.02286
17.3186 14.2971 -4.02286 11.18
14.2971 -4.02286 11.18 -7.86143
-4.02286 11.18 -7.86143 -20.1586
11.18 -7.86143 -20.1586 -22.41
-7.86143 -20.1586 -22.41 -25.7843
-20.1586 -22.41 -25.7843 -28.9471
-22.41 -25.7843 -28.9471 -34.2829
-25.7843 -28.9471 -34.2829 -21.4871
-28.9471 -34.2829 -21.4871 -26.5986
-34.2829 -21.4871 -26.5986 -53.0757
-21.4871 -26.5986 -53.0757 -65.17
-26.5986 -53.0757 -65.17 -71.0971
-53.0757 -65.17 -71.0971 -76.5571
-65.17 -71.0971 -76.5571 -28.2829
-71.0971 -76.5571 -28.2829 -6.97143
-76.5571 -28.2829 -6.97143 -23.81
-28.2829 -6.97143 -23.81 -13.6671
-6.97143 -23.81 -13.6671 66.9171
-23.81 -13.6671 66.9171 51.9043
-13.6671 66.9171 51.9043 66.7971
66.9171 51.9043 66.7971 62.0943
51.9043 66.7971 62.0943 -41.6629
66.7971 62.0943 -41.6629 -29.7157
62.0943 -41.6629 -29.7157 -24.79
-41.6629 -29.7157 -24.79 -13.6214
-29.7157 -24.79 -13.6214 -17.4529
-24.79 -13.6214 -17.4529 -19.2129
-13.6214 -17.4529 -19.2129 -24.3857
-17.4529 -19.2129 -24.3857 -37.6686
-19.2129 -24.3857 -37.6686 -38.8386
-24.3857 -37.6686 -38.8386 -44.3786
-37.6686 -38.8386 -44.3786 -40.01
-38.8386 -44.3786 -40.01 -38.7986
-44.3786 -40.01 -38.7986 -37.4357
-40.01 -38.7986 -37.4357 -28.9043
-38.7986 -37.4357 -28.9043 -42.5314
-37.4357 -28.9043 -42.5314 -60.4086
-28.9043 -42.5314 -60.4086 -43.8786
-42.5314 -60.4086 -43.8786 -18.37
-60.4086 -43.8786 -18.37 17.9657
-43.8786 -18.37 17.9657 24.4486
-18.37 17.9657 24.4486 45.2386
17.9657 24.4486 45.2386 31.1586
24.4486 45.2386 31.1586 7.58143
45.2386 31.1586 7.58143 -16.7443
31.1586 7.58143 -16.7443 -30.1157
7.58143 -16.7443 -30.1157 -51.0171
-16.7443 -30.1157 -51.0171 -53.0057
-30.1157 -51.0171 -53.0057 -39.8543
-51.0171 -53.0057 -39.8543 -1.75429
-53.0057 -39.8543 -1.75429 -0.415714
-39.8543 -1.75429 -0.415714 -1.13143
-1.75429 -0.415714 -1.13143 -4.19429
-0.415714 -1.13143 -4.19429 -26.6043
-1.13143 -4.19429 -26.6043 -12.3743
-4.19429 -26.6043 -12.3743 -11.35
-26.6043 -12.3743 -11.35 -5.05857
-12.3743 -11.35 -5.05857 -22.6171
-11.35 -5.05857 -22.6171 -33.9457
-5.05857 -22.6171 -33.9457 -48.3443