1320.63 1319.87 1334.68 1332.06 1372.07 1397.38 1384.86 1386.31 1466.85 1459.92 1485.62 1478.68 1482.68
1319.87 1334.68 1332.06 1372.07 1397.38 1384.86 1386.31 1466.85 1459.92 1485.62 1478.68 1482.68 1454.89
1334.68 1332.06 1372.07 1397.38 1384.86 1386.31 1466.85 1459.92 1485.62 1478.68 1482.68 1454.89 1460.53
1332.06 1372.07 1397.38 1384.86 1386.31 1466.85 1459.92 1485.62 1478.68 1482.68 1454.89 1460.53 1450.62
1372.07 1397.38 1384.86 1386.31 1466.85 1459.92 1485.62 1478.68 1482.68 1454.89 1460.53 1450.62 1479.07
1397.38 1384.86 1386.31 1466.85 1459.92 1485.62 1478.68 1482.68 1454.89 1460.53 1450.62 1479.07 1496.16
1384.86 1386.31 1466.85 1459.92 1485.62 1478.68 1482.68 1454.89 1460.53 1450.62 1479.07 1496.16 1500.64
1386.31 1466.85 1459.92 1485.62 1478.68 1482.68 1454.89 1460.53 1450.62 1479.07 1496.16 1500.64 1499.82
1466.85 1459.92 1485.62 1478.68 1482.68 1454.89 1460.53 1450.62 1479.07 1496.16 1500.64 1499.82 1480.17
1459.92 1485.62 1478.68 1482.68 1454.89 1460.53 1450.62 1479.07 1496.16 1500.64 1499.82 1480.17 1492.76
1485.62 1478.68 1482.68 1454.89 1460.53 1450.62 1479.07 1496.16 1500.64 1499.82 1480.17 1492.76 1510.67
1478.68 1482.68 1454.89 1460.53 1450.62 1479.07 1496.16 1500.64 1499.82 1480.17 1492.76 1510.67 1504.34
1482.68 1454.89 1460.53 1450.62 1479.07 1496.16 1500.64 1499.82 1480.17 1492.76 1510.67 1504.34 1510.95
1454.89 1460.53 1450.62 1479.07 1496.16 1500.64 1499.82 1480.17 1492.76 1510.67 1504.34 1510.95 1496.52
1460.53 1450.62 1479.07 1496.16 1500.64 1499.82 1480.17 1492.76 1510.67 1504.34 1510.95 1496.52 1496.47
1450.62 1479.07 1496.16 1500.64 1499.82 1480.17 1492.76 1510.67 1504.34 1510.95 1496.52 1496.47 1510.8
1479.07 1496.16 1500.64 1499.82 1480.17 1492.76 1510.67 1504.34 1510.95 1496.52 1496.47 1510.8 1509.49
1496.16 1500.64 1499.82 1480.17 1492.76 1510.67 1504.34 1510.95 1496.52 1496.47 1510.8 1509.49 1478.87
1500.64 1499.82 1480.17 1492.76 1510.67 1504.34 1510.95 1496.52 1496.47 1510.8 1509.49 1478.87 1481.94
1499.82 1480.17 1492.76 1510.67 1504.34 1510.95 1496.52 1496.47 1510.8 1509.49 1478.87 1481.94 1511.28
1480.17 1492.76 1510.67 1504.34 1510.95 1496.52 1496.47 1510.8 1509.49 1478.87 1481.94 1511.28 1513.18
1492.76 1510.67 1504.34 1510.95 1496.52 1496.47 1510.8 1509.49 1478.87 1481.94 1511.28 1513.18 1513.7
1510.67 1504.34 1510.95 1496.52 1496.47 1510.8 1509.49 1478.87 1481.94 1511.28 1513.18 1513.7 1511.93
1504.34 1510.95 1496.52 1496.47 1510.8 1509.49 1478.87 1481.94 1511.28 1513.18 1513.7 1511.93 1525.48
1510.95 1496.52 1496.47 1510.8 1509.49 1478.87 1481.94 1511.28 1513.18 1513.7 1511.93 1525.48 1524.3
1496.52 1496.47 1510.8 1509.49 1478.87 1481.94 1511.28 1513.18 1513.7 1511.93 1525.48 1524.3 1517.18
1496.47 1510.8 1509.49 1478.87 1481.94 1511.28 1513.18 1513.7 1511.93 1525.48 1524.3 1517.18 1498.34
1510.8 1509.49 1478.87 1481.94 1511.28 1513.18 1513.7 1511.93 1525.48 1524.3 1517.18 1498.34 1493.09
1509.49 1478.87 1481.94 1511.28 1513.18 1513.7 1511.93 1525.48 1524.3 1517.18 1498.34 1493.09 1468.92
1478.87 1481.94 1511.28 1513.18 1513.7 1511.93 1525.48 1524.3 1517.18 1498.34 1493.09 1468.92 1469.55
1481.94 1511.28 1513.18 1513.7 1511.93 1525.48 1524.3 1517.18 1498.34 1493.09 1468.92 1469.55 1475.01
1511.28 1513.18 1513.7 1511.93 1525.48 1524.3 1517.18 1498.34 1493.09 1468.92 1469.55 1475.01 1464.65
1513.18 1513.7 1511.93 1525.48 1524.3 1517.18 1498.34 1493.09 1468.92 1469.55 1475.01 1464.65 1466.04
1513.7 1511.93 1525.48 1524.3 1517.18 1498.34 1493.09 1468.92 1469.55 1475.01 1464.65 1466.04 1469.27
1511.93 1525.48 1524.3 1517.18 1498.34 1493.09 1468.92 1469.55 1475.01 1464.65 1466.04 1469.27 1459.89
1525.48 1524.3 1517.18 1498.34 1493.09 1468.92 1469.55 1475.01 1464.65 1466.04 1469.27 1459.89 1469.96
1524.3 1517.18 1498.34 1493.09 1468.92 1469.55 1475.01 1464.65 1466.04 1469.27 1459.89 1469.96 1464.54
1517.18 1498.34 1493.09 1468.92 1469.55 1475.01 1464.65 1466.04 1469.27 1459.89 1469.96 1464.54 1474.66
1498.34 1493.09 1468.92 1469.55 1475.01 1464.65 1466.04 1469.27 1459.89 1469.96 1464.54 1474.66 1477.77
1493.09 1468.92 1469.55 1475.01 1464.65 1466.04 1469.27 1459.89 1469.96 1464.54 1474.66 1477.77 1462.4
1468.92 1469.55 1475.01 1464.65 1466.04 1469.27 1459.89 1469.96 1464.54 1474.66 1477.77 1462.4 1456.27
1469.55 1475.01 1464.65 1466.04 1469.27 1459.89 1469.96 1464.54 1474.66 1477.77 1462.4 1456.27 1499.35
1475.01 1464.65 1466.04 1469.27 1459.89 1469.96 1464.54 1474.66 1477.77 1462.4 1456.27 1499.35 1491.94
1464.65 1466.04 1469.27 1459.89 1469.96 1464.54 1474.66 1477.77 1462.4 1456.27 1499.35 1491.94 1510.58
1466.04 1469.27 1459.89 1469.96 1464.54 1474.66 1477.77 1462.4 1456.27 1499.35 1491.94 1510.58 1522.55
1469.27 1459.89 1469.96 1464.54 1474.66 1477.77 1462.4 1456.27 1499.35 1491.94 1510.58 1522.55 1521.32
1459.89 1469.96 1464.54 1474.66 1477.77 1462.4 1456.27 1499.35 1491.94 1510.58 1522.55 1521.32 1511.73
1469.96 1464.54 1474.66 1477.77 1462.4 1456.27 1499.35 1491.94 1510.58 1522.55 1521.32 1511.73 1521.13
1464.54 1474.66 1477.77 1462.4 1456.27 1499.35 1491.94 1510.58 1522.55 1521.32 1511.73 1521.13 1515.13
1474.66 1477.77 1462.4 1456.27 1499.35 1491.94 1510.58 1522.55 1521.32 1511.73 1521.13 1515.13 1520.55
1477.77 1462.4 1456.27 1499.35 1491.94 1510.58 1522.55 1521.32 1511.73 1521.13 1515.13 1520.55 1543.67
1462.4 1456.27 1499.35 1491.94 1510.58 1522.55 1521.32 1511.73 1521.13 1515.13 1520.55 1543.67 1551.18
1456.27 1499.35 1491.94 1510.58 1522.55 1521.32 1511.73 1521.13 1515.13 1520.55 1543.67 1551.18 1576.86
1499.35 1491.94 1510.58 1522.55 1521.32 1511.73 1521.13 1515.13 1520.55 1543.67 1551.18 1576.86 1616.07
1491.94 1510.58 1522.55 1521.32 1511.73 1521.13 1515.13 1520.55 1543.67 1551.18 1576.86 1616.07 1631.47
1510.58 1522.55 1521.32 1511.73 1521.13 1515.13 1520.55 1543.67 1551.18 1576.86 1616.07 1631.47 1606.24
1522.55 1521.32 1511.73 1521.13 1515.13 1520.55 1543.67 1551.18 1576.86 1616.07 1631.47 1606.24 1613.6
1521.32 1511.73 1521.13 1515.13 1520.55 1543.67 1551.18 1576.86 1616.07 1631.47 1606.24 1613.6 1603.08
1511.73 1521.13 1515.13 1520.55 1543.67 1551.18 1576.86 1616.07 1631.47 1606.24 1613.6 1603.08 1571.71
1521.13 1515.13 1520.55 1543.67 1551.18 1576.86 1616.07 1631.47 1606.24 1613.6 1603.08 1571.71 1568.69
1515.13 1520.55 1543.67 1551.18 1576.86 1616.07 1631.47 1606.24 1613.6 1603.08 1571.71 1568.69 1541.96
1520.55 1543.67 1551.18 1576.86 1616.07 1631.47 1606.24 1613.6 1603.08 1571.71 1568.69 1541.96 1503.59
1543.67 1551.18 1576.86 1616.07 1631.47 1606.24 1613.6 1603.08 1571.71 1568.69 1541.96 1503.59 1487.15
1551.18 1576.86 1616.07 1631.47 1606.24 1613.6 1603.08 1571.71 1568.69 1541.96 1503.59 1487.15 1537.69
1576.86 1616.07 1631.47 1606.24 1613.6 1603.08 1571.71 1568.69 1541.96 1503.59 1487.15 1537.69 1509.31
1616.07 1631.47 1606.24 1613.6 1603.08 1571.71 1568.69 1541.96 1503.59 1487.15 1537.69 1509.31 1521.44
1631.47 1606.24 1613.6 1603.08 1571.71 1568.69 1541.96 1503.59 1487.15 1537.69 1509.31 1521.44 1531.87
1606.24 1613.6 1603.08 1571.71 1568.69 1541.96 1503.59 1487.15 1537.69 1509.31 1521.44 1531.87 1485.31
1613.6 1603.08 1571.71 1568.69 1541.96 1503.59 1487.15 1537.69 1509.31 1521.44 1531.87 1485.31 1522.92
1603.08 1571.71 1568.69 1541.96 1503.59 1487.15 1537.69 1509.31 1521.44 1531.87 1485.31 1522.92 1555.29
1571.71 1568.69 1541.96 1503.59 1487.15 1537.69 1509.31 1521.44 1531.87 1485.31 1522.92 1555.29 1554.45
1568.69 1541.96 1503.59 1487.15 1537.69 1509.31 1521.44 1531.87 1485.31 1522.92 1555.29 1554.45 1555.45
1541.96 1503.59 1487.15 1537.69 1509.31 1521.44 1531.87 1485.31 1522.92 1555.29 1554.45 1555.45 1535.52
1503.59 1487.15 1537.69 1509.31 1521.44 1531.87 1485.31 1522.92 1555.29 1554.45 1555.45 1535.52 1533.48
1487.15 1537.69 1509.31 1521.44 1531.87 1485.31 1522.92 1555.29 1554.45 1555.45 1535.52 1533.48 1546.11
1537.69 1509.31 1521.44 1531.87 1485.31 1522.92 1555.29 1554.45 1555.45 1535.52 1533.48 1546.11 1560.96
1509.31 1521.44 1531.87 1485.31 1522.92 1555.29 1554.45 1555.45 1535.52 1533.48 1546.11 1560.96 1569.51
1521.44 1531.87 1485.31 1522.92 1555.29 1554.45 1555.45 1535.52 1533.48 1546.11 1560.96 1569.51 1568.34
1531.87 1485.31 1522.92 1555.29 1554.45 1555.45 1535.52 1533.48 1546.11 1560.96 1569.51 1568.34 1551.81
1485.31 1522.92 1555.29 1554.45 1555.45 1535.52 1533.48 1546.11 1560.96 1569.51 1568.34 1551.81 1568.16
1522.92 1555.29 1554.45 1555.45 1535.52 1533.48 1546.11 1560.96 1569.51 1568.34 1551.81 1568.16 1576.26
1555.29 1554.45 1555.45 1535.52 1533.48 1546.11 1560.96 1569.51 1568.34 1551.81 1568.16 1576.26 1576.53
1554.45 1555.45 1535.52 1533.48 1546.11 1560.96 1569.51 1568.34 1551.81 1568.16 1576.26 1576.53 1562.24
1555.45 1535.52 1533.48 1546.11 1560.96 1569.51 1568.34 1551.81 1568.16 1576.26 1576.53 1562.24 1574.11
1535.52 1533.48 1546.11 1560.96 1569.51 1568.34 1551.81 1568.16 1576.26 1576.53 1562.24 1574.11 1556.25
1533.48 1546.11 1560.96 1569.51 1568.34 1551.81 1568.16 1576.26 1576.53 1562.24 1574.11 1556.25 1538.92
1546.11 1560.96 1569.51 1568.34 1551.81 1568.16 1576.26 1576.53 1562.24 1574.11 1556.25 1538.92 1530.22
1560.96 1569.51 1568.34 1551.81 1568.16 1576.26 1576.53 1562.24 1574.11 1556.25 1538.92 1530.22 1538.76
1569.51 1568.34 1551.81 1568.16 1576.26 1576.53 1562.24 1574.11 1556.25 1538.92 1530.22 1538.76 1565.84
1568.34 1551.81 1568.16 1576.26 1576.53 1562.24 1574.11 1556.25 1538.92 1530.22 1538.76 1565.84 1562.11
1551.81 1568.16 1576.26 1576.53 1562.24 1574.11 1556.25 1538.92 1530.22 1538.76 1565.84 1562.11 1566.77
1568.16 1576.26 1576.53 1562.24 1574.11 1556.25 1538.92 1530.22 1538.76 1565.84 1562.11 1566.77 1559.71
1576.26 1576.53 1562.24 1574.11 1556.25 1538.92 1530.22 1538.76 1565.84 1562.11 1566.77 1559.71 1557.18
1576.53 1562.24 1574.11 1556.25 1538.92 1530.22 1538.76 1565.84 1562.11 1566.77 1559.71 1557.18 1553.88
1562.24 1574.11 1556.25 1538.92 1530.22 1538.76 1565.84 1562.11 1566.77 1559.71 1557.18 1553.88 1538.75
1574.11 1556.25 1538.92 1530.22 1538.76 1565.84 1562.11 1566.77 1559.71 1557.18 1553.88 1538.75 1529.47
1556.25 1538.92 1530.22 1538.76 1565.84 1562.11 1566.77 1559.71 1557.18 1553.88 1538.75 1529.47 1511.37
1538.92 1530.22 1538.76 1565.84 1562.11 1566.77 1559.71 1557.18 1553.88 1538.75 1529.47 1511.37 1512.43
1530.22 1538.76 1565.84 1562.11 1566.77 1559.71 1557.18 1553.88 1538.75 1529.47 1511.37 1512.43 1502.08
1538.76 1565.84 1562.11 1566.77 1559.71 1557.18 1553.88 1538.75 1529.47 1511.37 1512.43 1502.08 1515.38
1565.84 1562.11 1566.77 1559.71 1557.18 1553.88 1538.75 1529.47 1511.37 1512.43 1502.08 1515.38 1497.05
1562.11 1566.77 1559.71 1557.18 1553.88 1538.75 1529.47 1511.37 1512.43 1502.08 1515.38 1497.05 1486.02
1566.77 1559.71 1557.18 1553.88 1538.75 1529.47 1511.37 1512.43 1502.08 1515.38 1497.05 1486.02 1484.7
1559.71 1557.18 1553.88 1538.75 1529.47 1511.37 1512.43 1502.08 1515.38 1497.05 1486.02 1484.7 1499.68
1557.18 1553.88 1538.75 1529.47 1511.37 1512.43 1502.08 1515.38 1497.05 1486.02 1484.7 1499.68 1504.44
1553.88 1538.75 1529.47 1511.37 1512.43 1502.08 1515.38 1497.05 1486.02 1484.7 1499.68 1504.44 1502.35
1538.75 1529.47 1511.37 1512.43 1502.08 1515.38 1497.05 1486.02 1484.7 1499.68 1504.44 1502.35 1501.48
1529.47 1511.37 1512.43 1502.08 1515.38 1497.05 1486.02 1484.7 1499.68 1504.44 1502.35 1501.48 1512.02
1511.37 1512.43 1502.08 1515.38 1497.05 1486.02 1484.7 1499.68 1504.44 1502.35 1501.48 1512.02 1503.31
1512.43 1502.08 1515.38 1497.05 1486.02 1484.7 1499.68 1504.44 1502.35 1501.48 1512.02 1503.31 1531.93
1502.08 1515.38 1497.05 1486.02 1484.7 1499.68 1504.44 1502.35 1501.48 1512.02 1503.31 1531.93 1528.85
1515.38 1497.05 1486.02 1484.7 1499.68 1504.44 1502.35 1501.48 1512.02 1503.31 1531.93 1528.85 1521.41
1497.05 1486.02 1484.7 1499.68 1504.44 1502.35 1501.48 1512.02 1503.31 1531.93 1528.85 1521.41 1525.44
1486.02 1484.7 1499.68 1504.44 1502.35 1501.48 1512.02 1503.31 1531.93 1528.85 1521.41 1525.44 1529.49
1484.7 1499.68 1504.44 1502.35 1501.48 1512.02 1503.31 1531.93 1528.85 1521.41 1525.44 1529.49 1539.36
1499.68 1504.44 1502.35 1501.48 1512.02 1503.31 1531.93 1528.85 1521.41 1525.44 1529.49 1539.36 1507.16
1504.44 1502.35 1501.48 1512.02 1503.31 1531.93 1528.85 1521.41 1525.44 1529.49 1539.36 1507.16 1495.89
1502.35 1501.48 1512.02 1503.31 1531.93 1528.85 1521.41 1525.44 1529.49 1539.36 1507.16 1495.89 1498.48
1501.48 1512.02 1503.31 1531.93 1528.85 1521.41 1525.44 1529.49 1539.36 1507.16 1495.89 1498.48 1502.15
1512.02 1503.31 1531.93 1528.85 1521.41 1525.44 1529.49 1539.36 1507.16 1495.89 1498.48 1502.15 1493.45
1503.31 1531.93 1528.85 1521.41 1525.44 1529.49 1539.36 1507.16 1495.89 1498.48 1502.15 1493.45 1477.65
1531.93 1528.85 1521.41 1525.44 1529.49 1539.36 1507.16 1495.89 1498.48 1502.15 1493.45 1477.65 1470.39
1528.85 1521.41 1525.44 1529.49 1539.36 1507.16 1495.89 1498.48 1502.15 1493.45 1477.65 1470.39 1477.3
1521.41 1525.44 1529.49 1539.36 1507.16 1495.89 1498.48 1502.15 1493.45 1477.65 1470.39 1477.3 1479.65
1525.44 1529.49 1539.36 1507.16 1495.89 1498.48 1502.15 1493.45 1477.65 1470.39 1477.3 1479.65 1476.74
1529.49 1539.36 1507.16 1495.89 1498.48 1502.15 1493.45 1477.65 1470.39 1477.3 1479.65 1476.74 1476.97
1539.36 1507.16 1495.89 1498.48 1502.15 1493.45 1477.65 1470.39 1477.3 1479.65 1476.74 1476.97 1494.37
1507.16 1495.89 1498.48 1502.15 1493.45 1477.65 1470.39 1477.3 1479.65 1476.74 1476.97 1494.37 1494.31
1495.89 1498.48 1502.15 1493.45 1477.65 1470.39 1477.3 1479.65 1476.74 1476.97 1494.37 1494.31 1486.25
1498.48 1502.15 1493.45 1477.65 1470.39 1477.3 1479.65 1476.74 1476.97 1494.37 1494.31 1486.25 1487.37
1502.15 1493.45 1477.65 1470.39 1477.3 1479.65 1476.74 1476.97 1494.37 1494.31 1486.25 1487.37 1471.27
1493.45 1477.65 1470.39 1477.3 1479.65 1476.74 1476.97 1494.37 1494.31 1486.25 1487.37 1471.27 1474.41
1477.65 1470.39 1477.3 1479.65 1476.74 1476.97 1494.37 1494.31 1486.25 1487.37 1471.27 1474.41 1479.28
1470.39 1477.3 1479.65 1476.74 1476.97 1494.37 1494.31 1486.25 1487.37 1471.27 1474.41 1479.28 1465.83
1477.3 1479.65 1476.74 1476.97 1494.37 1494.31 1486.25 1487.37 1471.27 1474.41 1479.28 1465.83 1455.9
1479.65 1476.74 1476.97 1494.37 1494.31 1486.25 1487.37 1471.27 1474.41 1479.28 1465.83 1455.9 1450.2
1476.74 1476.97 1494.37 1494.31 1486.25 1487.37 1471.27 1474.41 1479.28 1465.83 1455.9 1450.2 1445.09
1476.97 1494.37 1494.31 1486.25 1487.37 1471.27 1474.41 1479.28 1465.83 1455.9 1450.2 1445.09 1449.71
1494.37 1494.31 1486.25 1487.37 1471.27 1474.41 1479.28 1465.83 1455.9 1450.2 1445.09 1449.71 1441.66
1494.31 1486.25 1487.37 1471.27 1474.41 1479.28 1465.83 1455.9 1450.2 1445.09 1449.71 1441.66 1441.09
1486.25 1487.37 1471.27 1474.41 1479.28 1465.83 1455.9 1450.2 1445.09 1449.71 1441.66 1441.09 1438.88
1487.37 1471.27 1474.41 1479.28 1465.83 1455.9 1450.2 1445.09 1449.71 1441.66 1441.09 1438.88 1422.18
1471.27 1474.41 1479.28 1465.83 1455.9 1450.2 1445.09 1449.71 1441.66 1441.09 1438.88 1422.18 1425.21
1474.41 1479.28 1465.83 1455.9 1450.2 1445.09 1449.71 1441.66 1441.09 1438.88 1422.18 1425.21 1425.36
1479.28 1465.83 1455.9 1450.2 1445.09 1449.71 1441.66 1441.09 1438.88 1422.18 1425.21 1425.36 1415.69
1465.83 1455.9 1450.2 1445.09 1449.71 1441.66 1441.09 1438.88 1422.18 1425.21 1425.36 1415.69 1421.98
1455.9 1450.2 1445.09 1449.71 1441.66 1441.09 1438.88 1422.18 1425.21 1425.36 1415.69 1421.98 1449.82
1450.2 1445.09 1449.71 1441.66 1441.09 1438.88 1422.18 1425.21 1425.36 1415.69 1421.98 1449.82 1446.51
1445.09 1449.71 1441.66 1441.09 1438.88 1422.18 1425.21 1425.36 1415.69 1421.98 1449.82 1446.51 1447.85
1449.71 1441.66 1441.09 1438.88 1422.18 1425.21 1425.36 1415.69 1421.98 1449.82 1446.51 1447.85 1447.43
1441.66 1441.09 1438.88 1422.18 1425.21 1425.36 1415.69 1421.98 1449.82 1446.51 1447.85 1447.43 1431.53
1441.09 1438.88 1422.18 1425.21 1425.36 1415.69 1421.98 1449.82 1446.51 1447.85 1447.43 1431.53 1425.73
1438.88 1422.18 1425.21 1425.36 1415.69 1421.98 1449.82 1446.51 1447.85 1447.43 1431.53 1425.73 1420.07
1422.18 1425.21 1425.36 1415.69 1421.98 1449.82 1446.51 1447.85 1447.43 1431.53 1425.73 1420.07 1423.18
1425.21 1425.36 1415.69 1421.98 1449.82 1446.51 1447.85 1447.43 1431.53 1425.73 1420.07 1423.18 1423.96
1425.36 1415.69 1421.98 1449.82 1446.51 1447.85 1447.43 1431.53 1425.73 1420.07 1423.18 1423.96 1409.16
1415.69 1421.98 1449.82 1446.51 1447.85 1447.43 1431.53 1425.73 1420.07 1423.18 1423.96 1409.16 1397.54
1421.98 1449.82 1446.51 1447.85 1447.43 1431.53 1425.73 1420.07 1423.18 1423.96 1409.16 1397.54 1406.1
1449.82 1446.51 1447.85 1447.43 1431.53 1425.73 1420.07 1423.18 1423.96 1409.16 1397.54 1406.1 1389.82
1446.51 1447.85 1447.43 1431.53 1425.73 1420.07 1423.18 1423.96 1409.16 1397.54 1406.1 1389.82 1390.48
1447.85 1447.43 1431.53 1425.73 1420.07 1423.18 1423.96 1409.16 1397.54 1406.1 1389.82 1390.48 1391.37
1447.43 1431.53 1425.73 1420.07 1423.18 1423.96 1409.16 1397.54 1406.1 1389.82 1390.48 1391.37 1381.44
1431.53 1425.73 1420.07 1423.18 1423.96 1409.16 1397.54 1406.1 1389.82 1390.48 1391.37 1381.44 1390.17
1425.73 1420.07 1423.18 1423.96 1409.16 1397.54 1406.1 1389.82 1390.48 1391.37 1381.44 1390.17 1394.23
1420.07 1423.18 1423.96 1409.16 1397.54 1406.1 1389.82 1390.48 1391.37 1381.44 1390.17 1394.23 1376.29
1423.18 1423.96 1409.16 1397.54 1406.1 1389.82 1390.48 1391.37 1381.44 1390.17 1394.23 1376.29 1370.84
1423.96 1409.16 1397.54 1406.1 1389.82 1390.48 1391.37 1381.44 1390.17 1394.23 1376.29 1370.84 1355.34
1409.16 1397.54 1406.1 1389.82 1390.48 1391.37 1381.44 1390.17 1394.23 1376.29 1370.84 1355.34 1367.16
1397.54 1406.1 1389.82 1390.48 1391.37 1381.44 1390.17 1394.23 1376.29 1370.84 1355.34 1367.16 1371.69
1406.1 1389.82 1390.48 1391.37 1381.44 1390.17 1394.23 1376.29 1370.84 1355.34 1367.16 1371.69 1369.17
1389.82 1390.48 1391.37 1381.44 1390.17 1394.23 1376.29 1370.84 1355.34 1367.16 1371.69 1369.17 1404.01
1390.48 1391.37 1381.44 1390.17 1394.23 1376.29 1370.84 1355.34 1367.16 1371.69 1369.17 1404.01 1399.66
1391.37 1381.44 1390.17 1394.23 1376.29 1370.84 1355.34 1367.16 1371.69 1369.17 1404.01 1399.66 1388.17
1381.44 1390.17 1394.23 1376.29 1370.84 1355.34 1367.16 1371.69 1369.17 1404.01 1399.66 1388.17 1383.1
1390.17 1394.23 1376.29 1370.84 1355.34 1367.16 1371.69 1369.17 1404.01 1399.66 1388.17 1383.1 1365.51
1394.23 1376.29 1370.84 1355.34 1367.16 1371.69 1369.17 1404.01 1399.66 1388.17 1383.1 1365.51 1370.58
1376.29 1370.84 1355.34 1367.16 1371.69 1369.17 1404.01 1399.66 1388.17 1383.1 1365.51 1370.58 1359.5
1370.84 1355.34 1367.16 1371.69 1369.17 1404.01 1399.66 1388.17 1383.1 1365.51 1370.58 1359.5 1364.3
1355.34 1367.16 1371.69 1369.17 1404.01 1399.66 1388.17 1383.1 1365.51 1370.58 1359.5 1364.3 1398.01
1367.16 1371.69 1369.17 1404.01 1399.66 1388.17 1383.1 1365.51 1370.58 1359.5 1364.3 1398.01 1386.65
1371.69 1369.17 1404.01 1399.66 1388.17 1383.1 1365.51 1370.58 1359.5 1364.3 1398.01 1386.65 1381.83
1369.17 1404.01 1399.66 1388.17 1383.1 1365.51 1370.58 1359.5 1364.3 1398.01 1386.65 1381.83 1369.46
1404.01 1399.66 1388.17 1383.1 1365.51 1370.58 1359.5 1364.3 1398.01 1386.65 1381.83 1369.46 1369.33
1399.66 1388.17 1383.1 1365.51 1370.58 1359.5 1364.3 1398.01 1386.65 1381.83 1369.46 1369.33 1361.49
1388.17 1383.1 1365.51 1370.58 1359.5 1364.3 1398.01 1386.65 1381.83 1369.46 1369.33 1361.49 1344.63
1383.1 1365.51 1370.58 1359.5 1364.3 1398.01 1386.65 1381.83 1369.46 1369.33 1361.49 1344.63 1348.3
1365.51 1370.58 1359.5 1364.3 1398.01 1386.65 1381.83 1369.46 1369.33 1361.49 1344.63 1348.3 1364.06
1370.58 1359.5 1364.3 1398.01 1386.65 1381.83 1369.46 1369.33 1361.49 1344.63 1348.3 1364.06 1389.55