20 45 5 30 40 25 75 50 15 100 25
45 5 30 40 25 75 50 15 100 25 25
5 30 40 25 75 50 15 100 25 25 83.4
30 40 25 75 50 15 100 25 25 83.4 12.2
40 25 75 50 15 100 25 25 83.4 12.2 47.6
25 75 50 15 100 25 25 83.4 12.2 47.6 61.2
75 50 15 100 25 25 83.4 12.2 47.6 61.2 11.4
50 15 100 25 25 83.4 12.2 47.6 61.2 11.4 100.8
15 100 25 25 83.4 12.2 47.6 61.2 11.4 100.8 30.6
100 25 25 83.4 12.2 47.6 61.2 11.4 100.8 30.6 154.4
25 25 83.4 12.2 47.6 61.2 11.4 100.8 30.6 154.4 38.5
25 83.4 12.2 47.6 61.2 11.4 100.8 30.6 154.4 38.5 82.9
83.4 12.2 47.6 61.2 11.4 100.8 30.6 154.4 38.5 82.9 89.9
12.2 47.6 61.2 11.4 100.8 30.6 154.4 38.5 82.9 89.9 41
47.6 61.2 11.4 100.8 30.6 154.4 38.5 82.9 89.9 41 4.1
61.2 11.4 100.8 30.6 154.4 38.5 82.9 89.9 41 4.1 45
11.4 100.8 30.6 154.4 38.5 82.9 89.9 41 4.1 45 28.1
100.8 30.6 154.4 38.5 82.9 89.9 41 4.1 45 28.1 0.1
30.6 154.4 38.5 82.9 89.9 41 4.1 45 28.1 0.1 13.9
154.4 38.5 82.9 89.9 41 4.1 45 28.1 0.1 13.9 30.4
38.5 82.9 89.9 41 4.1 45 28.1 0.1 13.9 30.4 4
82.9 89.9 41 4.1 45 28.1 0.1 13.9 30.4 4 36.3
89.9 41 4.1 45 28.1 0.1 13.9 30.4 4 36.3 71
41 4.1 45 28.1 0.1 13.9 30.4 4 36.3 71 13.2
4.1 45 28.1 0.1 13.9 30.4 4 36.3 71 13.2 103.2
45 28.1 0.1 13.9 30.4 4 36.3 71 13.2 103.2 24.2
28.1 0.1 13.9 30.4 4 36.3 71 13.2 103.2 24.2 61.5
0.1 13.9 30.4 4 36.3 71 13.2 103.2 24.2 61.5 66.5
13.9 30.4 4 36.3 71 13.2 103.2 24.2 61.5 66.5 20.6
30.4 4 36.3 71 13.2 103.2 24.2 61.5 66.5 20.6 54.8
4 36.3 71 13.2 103.2 24.2 61.5 66.5 20.6 54.8 59.1
36.3 71 13.2 103.2 24.2 61.5 66.5 20.6 54.8 59.1 16.3
71 13.2 103.2 24.2 61.5 66.5 20.6 54.8 59.1 16.3 139.1
13.2 103.2 24.2 61.5 66.5 20.6 54.8 59.1 16.3 139.1 44.7
103.2 24.2 61.5 66.5 20.6 54.8 59.1 16.3 139.1 44.7 3.4
24.2 61.5 66.5 20.6 54.8 59.1 16.3 139.1 44.7 3.4 59.7
61.5 66.5 20.6 54.8 59.1 16.3 139.1 44.7 3.4 59.7 25.4
66.5 20.6 54.8 59.1 16.3 139.1 44.7 3.4 59.7 25.4 7.1
20.6 54.8 59.1 16.3 139.1 44.7 3.4 59.7 25.4 7.1 78
54.8 59.1 16.3 139.1 44.7 3.4 59.7 25.4 7.1 78 26.7
59.1 16.3 139.1 44.7 3.4 59.7 25.4 7.1 78 26.7 5
16.3 139.1 44.7 3.4 59.7 25.4 7.1 78 26.7 5 53.8
139.1 44.7 3.4 59.7 25.4 7.1 78 26.7 5 53.8 18.6
44.7 3.4 59.7 25.4 7.1 78 26.7 5 53.8 18.6 9.6
3.4 59.7 25.4 7.1 78 26.7 5 53.8 18.6 9.6 80.6
59.7 25.4 7.1 78 26.7 5 53.8 18.6 9.6 80.6 14.2
25.4 7.1 78 26.7 5 53.8 18.6 9.6 80.6 14.2 64
7.1 78 26.7 5 53.8 18.6 9.6 80.6 14.2 64 36
78 26.7 5 53.8 18.6 9.6 80.6 14.2 64 36 9
26.7 5 53.8 18.6 9.6 80.6 14.2 64 36 9 110
5 53.8 18.6 9.6 80.6 14.2 64 36 9 110 30.6
53.8 18.6 9.6 80.6 14.2 64 36 9 110 30.6 92.6
18.6 9.6 80.6 14.2 64 36 9 110 30.6 92.6 83.9
9.6 80.6 14.2 64 36 9 110 30.6 92.6 83.9 4.4
80.6 14.2 64 36 9 110 30.6 92.6 83.9 4.4 184.8
14.2 64 36 9 110 30.6 92.6 83.9 4.4 184.8 37.5
64 36 9 110 30.6 92.6 83.9 4.4 184.8 37.5 47
36 9 110 30.6 92.6 83.9 4.4 184.8 37.5 47 104.5
9 110 30.6 92.6 83.9 4.4 184.8 37.5 47 104.5 34.5
110 30.6 92.6 83.9 4.4 184.8 37.5 47 104.5 34.5 92.5
30.6 92.6 83.9 4.4 184.8 37.5 47 104.5 34.5 92.5 115.9
92.6 83.9 4.4 184.8 37.5 47 104.5 34.5 92.5 115.9 13.4
83.9 4.4 184.8 37.5 47 104.5 34.5 92.5 115.9 13.4 13.4