  1.0000000e-001  1.8095662e-001  1.3597958e+000  3.3203243e-001  4.9561913e-001  6.4642618e-001  7.6851055e-001  8.5937780e-001
  2.0000000e-001  3.3203243e-001  1.6187978e+000  4.9561913e-001  6.4642618e-001  7.6851055e-001  8.5937780e-001  9.2670377e-001
  3.0000000e-001  4.9561913e-001  1.6089603e+000  6.4642618e-001  7.6851055e-001  8.5937780e-001  9.2670377e-001  9.8067853e-001
  4.0000000e-001  6.4642618e-001  1.3798839e+000  7.6851055e-001  8.5937780e-001  9.2670377e-001  9.8067853e-001  1.0271213e+000
  5.0000000e-001  7.6851055e-001  1.0582735e+000  8.5937780e-001  9.2670377e-001  9.8067853e-001  1.0271213e+000  1.0652370e+000
  6.0000000e-001  8.5937780e-001  7.7328115e-001  9.2670377e-001  9.8067853e-001  1.0271213e+000  1.0652370e+000  1.0903628e+000
  7.0000000e-001  9.2670377e-001  5.9147483e-001  9.8067853e-001  1.0271213e+000  1.0652370e+000  1.0903628e+000  1.0988262e+000
  8.0000000e-001  9.8067853e-001  4.9810176e-001  1.0271213e+000  1.0652370e+000  1.0903628e+000  1.0988262e+000  1.0911799e+000
  9.0000000e-001  1.0271213e+000  4.2889126e-001  1.0652370e+000  1.0903628e+000  1.0988262e+000  1.0911799e+000  1.0718426e+000
  1.0000000e+000  1.0652370e+000  3.2473957e-001  1.0903628e+000  1.0988262e+000  1.0911799e+000  1.0718426e+000  1.0460030e+000
  1.1000000e+000  1.0903628e+000  1.7106318e-001  1.0988262e+000  1.0911799e+000  1.0718426e+000  1.0460030e+000  1.0164467e+000
  1.2000000e+000  1.0988262e+000 -7.8932870e-004  1.0911799e+000  1.0718426e+000  1.0460030e+000  1.0164467e+000  9.8261705e-001
  1.3000000e+000  1.0911799e+000 -1.4418109e-001  1.0718426e+000  1.0460030e+000  1.0164467e+000  9.8261705e-001  9.4226976e-001
  1.4000000e+000  1.0718426e+000 -2.3332404e-001  1.0460030e+000  1.0164467e+000  9.8261705e-001  9.4226976e-001  8.9413067e-001
  1.5000000e+000  1.0460030e+000 -2.7865917e-001  1.0164467e+000  9.8261705e-001  9.4226976e-001  8.9413067e-001  8.3944236e-001
  1.6000000e+000  1.0164467e+000 -3.1371560e-001  9.8261705e-001  9.4226976e-001  8.9413067e-001  8.3944236e-001  7.8138366e-001
  1.7000000e+000  9.8261705e-001 -3.6711920e-001  9.4226976e-001  8.9413067e-001  8.3944236e-001  7.8138366e-001  7.2306361e-001
  1.8000000e+000  9.4226976e-001 -4.4223531e-001  8.9413067e-001  8.3944236e-001  7.8138366e-001  7.2306361e-001  6.6577515e-001
  1.9000000e+000  8.9413067e-001 -5.1835815e-001  8.3944236e-001  7.8138366e-001  7.2306361e-001  6.6577515e-001  6.0879554e-001
  2.0000000e+000  8.3944236e-001 -5.6972798e-001  7.8138366e-001  7.2306361e-001  6.6577515e-001  6.0879554e-001  5.5069963e-001
  2.1000000e+000  7.8138366e-001 -5.8593743e-001  7.2306361e-001  6.6577515e-001  6.0879554e-001  5.5069963e-001  4.9100908e-001
  2.2000000e+000  7.2306361e-001 -5.7827672e-001  6.6577515e-001  6.0879554e-001  5.5069963e-001  4.9100908e-001  4.3088140e-001
  2.3000000e+000  6.6577515e-001 -5.6894902e-001  6.0879554e-001  5.5069963e-001  4.9100908e-001  4.3088140e-001  3.7242413e-001
  2.4000000e+000  6.0879554e-001 -5.7332929e-001  5.5069963e-001  4.9100908e-001  4.3088140e-001  3.7242413e-001  3.1731793e-001
  2.5000000e+000  5.5069963e-001 -5.8951183e-001  4.9100908e-001  4.3088140e-001  3.7242413e-001  3.1731793e-001  2.6588385e-001
  2.6000000e+000  4.9100908e-001 -6.0223592e-001  4.3088140e-001  3.7242413e-001  3.1731793e-001  2.6588385e-001  2.1726001e-001
  2.7000000e+000  4.3088140e-001 -5.9654366e-001  3.7242413e-001  3.1731793e-001  2.6588385e-001  2.1726001e-001  1.7042339e-001
  2.8000000e+000  3.7242413e-001 -5.6962668e-001  3.1731793e-001  2.6588385e-001  2.1726001e-001  1.7042339e-001  1.2517319e-001
  2.9000000e+000  3.1731793e-001 -5.3199945e-001  2.6588385e-001  2.1726001e-001  1.7042339e-001  1.2517319e-001  8.2325459e-002
  3.0000000e+000  2.6588385e-001 -4.9831370e-001  2.1726001e-001  1.7042339e-001  1.2517319e-001  8.2325459e-002  4.3068067e-002
  3.1000000e+000  2.1726001e-001 -4.7605285e-001  1.7042339e-001  1.2517319e-001  8.2325459e-002  4.3068067e-002  8.0807030e-003
  3.2000000e+000  1.7042339e-001 -4.6104765e-001  1.2517319e-001  8.2325459e-002  4.3068067e-002  8.0807030e-003 -2.2868293e-002
  3.3000000e+000  1.2517319e-001 -4.4247155e-001  8.2325459e-002  4.3068067e-002  8.0807030e-003 -2.2868293e-002 -5.0597659e-002
  3.4000000e+000  8.2325459e-002 -4.1233664e-001  4.3068067e-002  8.0807030e-003 -2.2868293e-002 -5.0597659e-002 -7.5809662e-002
  3.5000000e+000  4.3068067e-002 -3.7160441e-001  8.0807030e-003 -2.2868293e-002 -5.0597659e-002 -7.5809662e-002 -9.8603839e-002
  3.6000000e+000  8.0807030e-003 -3.2859306e-001 -2.2868293e-002 -5.0597659e-002 -7.5809662e-002 -9.8603839e-002 -1.1855050e-001
  3.7000000e+000 -2.2868293e-002 -2.9188551e-001 -5.0597659e-002 -7.5809662e-002 -9.8603839e-002 -1.1855050e-001 -1.3517689e-001
  3.8000000e+000 -5.0597659e-002 -2.6396275e-001 -7.5809662e-002 -9.8603839e-002 -1.1855050e-001 -1.3517689e-001 -1.4841634e-001
  3.9000000e+000 -7.5809662e-002 -2.4042656e-001 -9.8603839e-002 -1.1855050e-001 -1.3517689e-001 -1.4841634e-001 -1.5867245e-001
  4.0000000e+000 -9.8603839e-002 -2.1464703e-001 -1.1855050e-001 -1.3517689e-001 -1.4841634e-001 -1.5867245e-001 -1.6651699e-001
  4.1000000e+000 -1.1855050e-001 -1.8341373e-001 -1.3517689e-001 -1.4841634e-001 -1.5867245e-001 -1.6651699e-001 -1.7233250e-001
  4.2000000e+000 -1.3517689e-001 -1.4899314e-001 -1.4841634e-001 -1.5867245e-001 -1.6651699e-001 -1.7233250e-001 -1.7619757e-001
  4.3000000e+000 -1.4841634e-001 -1.1652790e-001 -1.5867245e-001 -1.6651699e-001 -1.7233250e-001 -1.7619757e-001 -1.7805157e-001
  4.4000000e+000 -1.5867245e-001 -8.9615187e-002 -1.6651699e-001 -1.7233250e-001 -1.7619757e-001 -1.7805157e-001 -1.7792899e-001
  4.5000000e+000 -1.6651699e-001 -6.7933107e-002 -1.7233250e-001 -1.7619757e-001 -1.7805157e-001 -1.7792899e-001 -1.7603599e-001
  4.6000000e+000 -1.7233250e-001 -4.8474582e-002 -1.7619757e-001 -1.7805157e-001 -1.7792899e-001 -1.7603599e-001 -1.7263621e-001
  4.7000000e+000 -1.7619757e-001 -2.8680332e-002 -1.7805157e-001 -1.7792899e-001 -1.7603599e-001 -1.7263621e-001 -1.6790894e-001
  4.8000000e+000 -1.7805157e-001 -8.4436428e-003 -1.7792899e-001 -1.7603599e-001 -1.7263621e-001 -1.6790894e-001 -1.6194925e-001
  4.9000000e+000 -1.7792899e-001  1.0527728e-002 -1.7603599e-001 -1.7263621e-001 -1.6790894e-001 -1.6194925e-001 -1.5490417e-001
  5.0000000e+000 -1.7603599e-001  2.6864241e-002 -1.7263621e-001 -1.6790894e-001 -1.6194925e-001 -1.5490417e-001 -1.4707225e-001
  5.1000000e+000 -1.7263621e-001  4.0832784e-002 -1.6790894e-001 -1.6194925e-001 -1.5490417e-001 -1.4707225e-001 -1.3881553e-001
  5.2000000e+000 -1.6790894e-001  5.3581886e-002 -1.6194925e-001 -1.5490417e-001 -1.4707225e-001 -1.3881553e-001 -1.3033262e-001
  5.3000000e+000 -1.6194925e-001  6.5387822e-002 -1.5490417e-001 -1.4707225e-001 -1.3881553e-001 -1.3033262e-001 -1.2151968e-001
  5.4000000e+000 -1.5490417e-001  7.5000098e-002 -1.4707225e-001 -1.3881553e-001 -1.3033262e-001 -1.2151968e-001 -1.1210658e-001
  5.5000000e+000 -1.4707225e-001  8.0990546e-002 -1.3881553e-001 -1.3033262e-001 -1.2151968e-001 -1.1210658e-001 -1.0200440e-001
  5.6000000e+000 -1.3881553e-001  8.3784144e-002 -1.3033262e-001 -1.2151968e-001 -1.1210658e-001 -1.0200440e-001 -9.1562627e-002
  5.7000000e+000 -1.3033262e-001  8.6071385e-002 -1.2151968e-001 -1.1210658e-001 -1.0200440e-001 -9.1562627e-002 -8.1455068e-002
  5.8000000e+000 -1.2151968e-001  9.0704055e-002 -1.1210658e-001 -1.0200440e-001 -9.1562627e-002 -8.1455068e-002 -7.2218911e-002
  5.9000000e+000 -1.1210658e-001  9.7757163e-002 -1.0200440e-001 -9.1562627e-002 -8.1455068e-002 -7.2218911e-002 -6.3812002e-002
  6.0000000e+000 -1.0200440e-001  1.0368441e-001 -9.1562627e-002 -8.1455068e-002 -7.2218911e-002 -6.3812002e-002 -5.5607523e-002
  6.1000000e+000 -9.1562627e-002  1.0394093e-001 -8.1455068e-002 -7.2218911e-002 -6.3812002e-002 -5.5607523e-002 -4.6913676e-002
  6.2000000e+000 -8.1455068e-002  9.7229163e-002 -7.2218911e-002 -6.3812002e-002 -5.5607523e-002 -4.6913676e-002 -3.7636698e-002
  6.3000000e+000 -7.2218911e-002  8.7560574e-002 -6.3812002e-002 -5.5607523e-002 -4.6913676e-002 -3.7636698e-002 -2.8511111e-002
  6.4000000e+000 -6.3812002e-002  8.1719462e-002 -5.5607523e-002 -4.6913676e-002 -3.7636698e-002 -2.8511111e-002 -2.0620879e-002
  6.5000000e+000 -5.5607523e-002  8.3649897e-002 -4.6913676e-002 -3.7636698e-002 -2.8511111e-002 -2.0620879e-002 -1.4529417e-002
  6.6000000e+000 -4.6913676e-002  9.0429728e-002 -3.7636698e-002 -2.8511111e-002 -2.0620879e-002 -1.4529417e-002 -9.7321988e-003
  6.7000000e+000 -3.7636698e-002  9.3797123e-002 -2.8511111e-002 -2.0620879e-002 -1.4529417e-002 -9.7321988e-003 -4.9621562e-003
  6.8000000e+000 -2.8511111e-002  8.6742966e-002 -2.0620879e-002 -1.4529417e-002 -9.7321988e-003 -4.9621562e-003  8.0012230e-004
  6.9000000e+000 -2.0620879e-002  7.0016250e-002 -1.4529417e-002 -9.7321988e-003 -4.9621562e-003  8.0012230e-004  7.3984628e-003
  7.0000000e+000 -1.4529417e-002  5.2708578e-002 -9.7321988e-003 -4.9621562e-003  8.0012230e-004  7.3984628e-003  1.3475915e-002
  7.1000000e+000 -9.7321988e-003  4.5537884e-002 -4.9621562e-003  8.0012230e-004  7.3984628e-003  1.3475915e-002  1.7493904e-002
  7.2000000e+000 -4.9621562e-003  5.1739865e-002  8.0012230e-004  7.3984628e-003  1.3475915e-002  1.7493904e-002  1.9047981e-002
  7.3000000e+000  8.0012230e-004  6.3253988e-002  7.3984628e-003  1.3475915e-002  1.7493904e-002  1.9047981e-002  1.9378589e-002
  7.4000000e+000  7.3984628e-003  6.6260692e-002  1.3475915e-002  1.7493904e-002  1.9047981e-002  1.9378589e-002  2.0529613e-002
  7.5000000e+000  1.3475915e-002  5.2473800e-002  1.7493904e-002  1.9047981e-002  1.9378589e-002  2.0529613e-002  2.3704224e-002
  7.6000000e+000  1.7493904e-002  2.7111001e-002  1.9047981e-002  1.9378589e-002  2.0529613e-002  2.3704224e-002  2.8130148e-002
  7.7000000e+000  1.9047981e-002  6.1931439e-003  1.9378589e-002  2.0529613e-002  2.3704224e-002  2.8130148e-002  3.1479005e-002
  7.8000000e+000  1.9378589e-002  4.1362050e-003  2.0529613e-002  2.3704224e-002  2.8130148e-002  3.1479005e-002  3.1687117e-002
  7.9000000e+000  2.0529613e-002  2.1108335e-002  2.3704224e-002  2.8130148e-002  3.1479005e-002  3.1687117e-002  2.8802870e-002
  8.0000000e+000  2.3704224e-002  4.1023213e-002  2.8130148e-002  3.1479005e-002  3.1687117e-002  2.8802870e-002  2.5276197e-002
  8.1000000e+000  2.8130148e-002  4.3273026e-002  3.1479005e-002  3.1687117e-002  2.8802870e-002  2.5276197e-002  2.4218016e-002
  8.2000000e+000  3.1479005e-002  1.9912188e-002  3.1687117e-002  2.8802870e-002  2.5276197e-002  2.4218016e-002  2.6824234e-002
  8.3000000e+000  3.1687117e-002 -1.5731482e-002  2.8802870e-002  2.5276197e-002  2.4218016e-002  2.6824234e-002  3.1047322e-002
  8.4000000e+000  2.8802870e-002 -3.7547403e-002  2.5276197e-002  2.4218016e-002  2.6824234e-002  3.1047322e-002  3.2853839e-002
  8.5000000e+000  2.5276197e-002 -2.7313705e-002  2.4218016e-002  2.6824234e-002  3.1047322e-002  3.2853839e-002  2.9420964e-002
  8.6000000e+000  2.4218016e-002  8.4027918e-003  2.6824234e-002  3.1047322e-002  3.2853839e-002  2.9420964e-002  2.1874079e-002
  8.7000000e+000  2.6824234e-002  4.0082447e-002  3.1047322e-002  3.2853839e-002  2.9420964e-002  2.1874079e-002  1.5137040e-002
  8.8000000e+000  3.1047322e-002  3.7057900e-002  3.2853839e-002  2.9420964e-002  2.1874079e-002  1.5137040e-002  1.4447353e-002
  8.9000000e+000  3.2853839e-002 -6.1566004e-003  2.9420964e-002  2.1874079e-002  1.5137040e-002  1.4447353e-002  2.0785774e-002
  9.0000000e+000  2.9420964e-002 -6.0614107e-002  2.1874079e-002  1.5137040e-002  1.4447353e-002  2.0785774e-002  2.8832732e-002
  9.1000000e+000  2.1874079e-002 -8.1475247e-002  1.5137040e-002  1.4447353e-002  2.0785774e-002  2.8832732e-002  2.9804677e-002
  9.2000000e+000  1.5137040e-002 -4.3674920e-002  1.4447353e-002  2.0785774e-002  2.8832732e-002  2.9804677e-002  1.8210242e-002
  9.3000000e+000  1.4447353e-002  3.1922258e-002  2.0785774e-002  2.8832732e-002  2.9804677e-002  1.8210242e-002 -1.5947004e-003
  9.4000000e+000  2.0785774e-002  8.5482401e-002  2.8832732e-002  2.9804677e-002  1.8210242e-002 -1.5947004e-003 -1.3821487e-002
  9.5000000e+000  2.8832732e-002  5.9579166e-002  2.9804677e-002  1.8210242e-002 -1.5947004e-003 -1.3821487e-002  3.2465986e-003
