  1.0000000e-001  1.6035558e+003  1.0527630e+002  1.6112545e+003  1.6065054e+003  1.5940779e+003  1.5920869e+003  1.6035651e+003
  2.0000000e-001  1.6112545e+003  2.5656270e+001  1.6065054e+003  1.5940779e+003  1.5920869e+003  1.6035651e+003  1.6109713e+003
  3.0000000e-001  1.6065054e+003 -1.1251236e+002  1.5940779e+003  1.5920869e+003  1.6035651e+003  1.6109713e+003  1.6087599e+003
  4.0000000e-001  1.5940779e+003 -9.9424278e+001  1.5920869e+003  1.6035651e+003  1.6109713e+003  1.6087599e+003  1.6176056e+003
  5.0000000e-001  1.5920869e+003  6.6193023e+001  1.6035651e+003  1.6109713e+003  1.6087599e+003  1.6176056e+003  1.6496418e+003
  6.0000000e-001  1.6035651e+003  1.2678598e+002  1.6109713e+003  1.6087599e+003  1.6176056e+003  1.6496418e+003  1.6828778e+003
  7.0000000e-001  1.6109713e+003  8.5906616e+000  1.6087599e+003  1.6176056e+003  1.6496418e+003  1.6828778e+003  1.6928142e+003
  8.0000000e-001  1.6087599e+003 -1.0594823e+001  1.6176056e+003  1.6496418e+003  1.6828778e+003  1.6928142e+003  1.6887237e+003
  9.0000000e-001  1.6176056e+003  2.1369997e+002  1.6496418e+003  1.6828778e+003  1.6928142e+003  1.6887237e+003  1.6916310e+003
  1.0000000e+000  1.6496418e+003  3.8331603e+002  1.6828778e+003  1.6928142e+003  1.6887237e+003  1.6916310e+003  1.6951038e+003
  1.1000000e+000  1.6828778e+003  2.3232145e+002  1.6928142e+003  1.6887237e+003  1.6916310e+003  1.6951038e+003  1.6808700e+003
  1.2000000e+000  1.6928142e+003 -1.3054577e+001  1.6887237e+003  1.6916310e+003  1.6951038e+003  1.6808700e+003  1.6601405e+003
  1.3000000e+000  1.6887237e+003 -2.4658694e+001  1.6916310e+003  1.6951038e+003  1.6808700e+003  1.6601405e+003  1.6625661e+003
  1.4000000e+000  1.6916310e+003  6.8475322e+001  1.6951038e+003  1.6808700e+003  1.6601405e+003  1.6625661e+003  1.6891834e+003
  1.5000000e+000  1.6951038e+003 -3.9092089e+001  1.6808700e+003  1.6601405e+003  1.6625661e+003  1.6891834e+003  1.7114351e+003
  1.6000000e+000  1.6808700e+003 -2.2449194e+002  1.6601405e+003  1.6625661e+003  1.6891834e+003  1.7114351e+003  1.7158755e+003
  1.7000000e+000  1.6601405e+003 -1.2997747e+002  1.6625661e+003  1.6891834e+003  1.7114351e+003  1.7158755e+003  1.7154929e+003
  1.8000000e+000  1.6625661e+003  1.8034298e+002  1.6891834e+003  1.7114351e+003  1.7158755e+003  1.7154929e+003  1.7146703e+003
  1.9000000e+000  1.6891834e+003  2.9418487e+002  1.7114351e+003  1.7158755e+003  1.7154929e+003  1.7146703e+003  1.6988125e+003
  2.0000000e+000  1.7114351e+003  1.2614073e+002  1.7158755e+003  1.7154929e+003  1.7146703e+003  1.6988125e+003  1.6681003e+003
  2.1000000e+000  1.7158755e+003 -7.3206027e+000  1.7154929e+003  1.7146703e+003  1.6988125e+003  1.6681003e+003  1.6491352e+003
  2.2000000e+000  1.7154929e+003  9.3645278e+000  1.7146703e+003  1.6988125e+003  1.6681003e+003  1.6491352e+003  1.6581320e+003
  2.3000000e+000  1.7146703e+003 -5.8119445e+001  1.6988125e+003  1.6681003e+003  1.6491352e+003  1.6581320e+003  1.6778412e+003
  2.4000000e+000  1.6988125e+003 -2.6158826e+002  1.6681003e+003  1.6491352e+003  1.6581320e+003  1.6778412e+003  1.6854341e+003
  2.5000000e+000  1.6681003e+003 -2.9999986e+002  1.6491352e+003  1.6581320e+003  1.6778412e+003  1.6854341e+003  1.6811286e+003
  2.6000000e+000  1.6491352e+003 -4.7174884e+001  1.6581320e+003  1.6778412e+003  1.6854341e+003  1.6811286e+003  1.6749293e+003
  2.7000000e+000  1.6581320e+003  1.9192200e+002  1.6778412e+003  1.6854341e+003  1.6811286e+003  1.6749293e+003  1.6659287e+003
  2.8000000e+000  1.6778412e+003  1.5801588e+002  1.6854341e+003  1.6811286e+003  1.6749293e+003  1.6659287e+003  1.6517252e+003
  2.9000000e+000  1.6854341e+003 -2.2920190e+000  1.6811286e+003  1.6749293e+003  1.6659287e+003  1.6517252e+003  1.6423453e+003
  3.0000000e+000  1.6811286e+003 -6.2403584e+001  1.6749293e+003  1.6659287e+003  1.6517252e+003  1.6423453e+003  1.6482930e+003
  3.1000000e+000  1.6749293e+003 -6.5657441e+001  1.6659287e+003  1.6517252e+003  1.6423453e+003  1.6482930e+003  1.6659003e+003
  3.2000000e+000  1.6659287e+003 -1.2175473e+002  1.6517252e+003  1.6423453e+003  1.6482930e+003  1.6659003e+003  1.6866350e+003
  3.3000000e+000  1.6517252e+003 -1.4272871e+002  1.6423453e+003  1.6482930e+003  1.6659003e+003  1.6866350e+003  1.7091946e+003
  3.4000000e+000  1.6423453e+003 -2.3965392e+001  1.6482930e+003  1.6659003e+003  1.6866350e+003  1.7091946e+003  1.7313343e+003
  3.5000000e+000  1.6482930e+003  1.3444894e+002  1.6659003e+003  1.6866350e+003  1.7091946e+003  1.7313343e+003  1.7426425e+003
  3.6000000e+000  1.6659003e+003  2.0061971e+002  1.6866350e+003  1.7091946e+003  1.7313343e+003  1.7426425e+003  1.7388509e+003
  3.7000000e+000  1.6866350e+003  2.1405801e+002  1.7091946e+003  1.7313343e+003  1.7426425e+003  1.7388509e+003  1.7330873e+003
  3.8000000e+000  1.7091946e+003  2.3536724e+002  1.7313343e+003  1.7426425e+003  1.7388509e+003  1.7330873e+003  1.7393821e+003
  3.9000000e+000  1.7313343e+003  1.8682011e+002  1.7426425e+003  1.7388509e+003  1.7330873e+003  1.7393821e+003  1.7525028e+003
  4.0000000e+000  1.7426425e+003  2.9464404e+001  1.7388509e+003  1.7330873e+003  1.7393821e+003  1.7525028e+003  1.7564597e+003
  4.1000000e+000  1.7388509e+003 -7.9841372e+001  1.7330873e+003  1.7393821e+003  1.7525028e+003  1.7564597e+003  1.7470133e+003
  4.2000000e+000  1.7330873e+003 -7.5824906e+000  1.7393821e+003  1.7525028e+003  1.7564597e+003  1.7470133e+003  1.7341269e+003
  4.3000000e+000  1.7393821e+003  1.2281246e+002  1.7525028e+003  1.7564597e+003  1.7470133e+003  1.7341269e+003  1.7264939e+003
  4.4000000e+000  1.7525028e+003  1.0805884e+002  1.7564597e+003  1.7470133e+003  1.7341269e+003  1.7264939e+003  1.7248130e+003
  4.5000000e+000  1.7564597e+003 -3.6257343e+001  1.7470133e+003  1.7341269e+003  1.7264939e+003  1.7248130e+003  1.7284312e+003
  4.6000000e+000  1.7470133e+003 -1.3257103e+002  1.7341269e+003  1.7264939e+003  1.7248130e+003  1.7284312e+003  1.7386403e+003
  4.7000000e+000  1.7341269e+003 -1.0946110e+002  1.7264939e+003  1.7248130e+003  1.7284312e+003  1.7386403e+003  1.7540513e+003
  4.8000000e+000  1.7264939e+003 -4.3744033e+001  1.7248130e+003  1.7284312e+003  1.7386403e+003  1.7540513e+003  1.7686460e+003
  4.9000000e+000  1.7248130e+003  8.3802016e+000  1.7284312e+003  1.7386403e+003  1.7540513e+003  1.7686460e+003  1.7760831e+003
  5.0000000e+000  1.7284312e+003  6.7299153e+001  1.7386403e+003  1.7540513e+003  1.7686460e+003  1.7760831e+003  1.7735105e+003
  5.1000000e+000  1.7386403e+003  1.3498272e+002  1.7540513e+003  1.7686460e+003  1.7760831e+003  1.7735105e+003  1.7615476e+003
  5.2000000e+000  1.7540513e+003  1.6223874e+002  1.7686460e+003  1.7760831e+003  1.7735105e+003  1.7615476e+003  1.7431270e+003
  5.3000000e+000  1.7686460e+003  1.1836626e+002  1.7760831e+003  1.7735105e+003  1.7615476e+003  1.7431270e+003  1.7228723e+003
  5.4000000e+000  1.7760831e+003  2.5733824e+001  1.7735105e+003  1.7615476e+003  1.7431270e+003  1.7228723e+003  1.7060817e+003
  5.5000000e+000  1.7735105e+003 -7.5919594e+001  1.7615476e+003  1.7431270e+003  1.7228723e+003  1.7060817e+003  1.6961873e+003
  5.6000000e+000  1.7615476e+003 -1.5838230e+002  1.7431270e+003  1.7228723e+003  1.7060817e+003  1.6961873e+003  1.6914460e+003
  5.7000000e+000  1.7431270e+003 -2.0218387e+002  1.7228723e+003  1.7060817e+003  1.6961873e+003  1.6914460e+003  1.6852970e+003
  5.8000000e+000  1.7228723e+003 -1.9365164e+002  1.7060817e+003  1.6961873e+003  1.6914460e+003  1.6852970e+003  1.6733540e+003
  5.9000000e+000  1.7060817e+003 -1.3576359e+002  1.6961873e+003  1.6914460e+003  1.6852970e+003  1.6733540e+003  1.6593918e+003
  6.0000000e+000  1.6961873e+003 -6.4958608e+001  1.6914460e+003  1.6852970e+003  1.6733540e+003  1.6593918e+003  1.6497686e+003
  6.1000000e+000  1.6914460e+003 -4.2180932e+001  1.6852970e+003  1.6733540e+003  1.6593918e+003  1.6497686e+003  1.6428510e+003
  6.2000000e+000  1.6852970e+003 -8.9484462e+001  1.6733540e+003  1.6593918e+003  1.6497686e+003  1.6428510e+003  1.6311214e+003
  6.3000000e+000  1.6733540e+003 -1.4197688e+002  1.6593918e+003  1.6497686e+003  1.6428510e+003  1.6311214e+003  1.6139524e+003
  6.4000000e+000  1.6593918e+003 -1.2429874e+002  1.6497686e+003  1.6428510e+003  1.6311214e+003  1.6139524e+003  1.5995039e+003
  6.5000000e+000  1.6497686e+003 -7.1275271e+001  1.6428510e+003  1.6311214e+003  1.6139524e+003  1.5995039e+003  1.5927247e+003
  6.6000000e+000  1.6428510e+003 -8.2481316e+001  1.6311214e+003  1.6139524e+003  1.5995039e+003  1.5927247e+003  1.5912900e+003
