8.15 3.5 4.1 12.5 39 14.2
3.5 4.1 12.5 39 14.2 9.75
4.1 12.5 39 14.2 9.75 9.55
12.5 39 14.2 9.75 9.55 10.55
39 14.2 9.75 9.55 10.55 12.05
14.2 9.75 9.55 10.55 12.05 10.8
9.75 9.55 10.55 12.05 10.8 8
9.55 10.55 12.05 10.8 8 9.65
10.55 12.05 10.8 8 9.65 12.3
12.05 10.8 8 9.65 12.3 6.4
10.8 8 9.65 12.3 6.4 11.2
8 9.65 12.3 6.4 11.2 1.2
9.65 12.3 6.4 11.2 1.2 2
12.3 6.4 11.2 1.2 2 2.95
6.4 11.2 1.2 2 2.95 2.25
11.2 1.2 2 2.95 2.25 5.25
1.2 2 2.95 2.25 5.25 -2.4
2 2.95 2.25 5.25 -2.4 1.6
2.95 2.25 5.25 -2.4 1.6 4.4
2.25 5.25 -2.4 1.6 4.4 3.65
5.25 -2.4 1.6 4.4 3.65 3.85
-2.4 1.6 4.4 3.65 3.85 3.35
1.6 4.4 3.65 3.85 3.35 9.65
4.4 3.65 3.85 3.35 9.65 5.65
3.65 3.85 3.35 9.65 5.65 0.85
3.85 3.35 9.65 5.65 0.85 1.7
3.35 9.65 5.65 0.85 1.7 1.55
9.65 5.65 0.85 1.7 1.55 1.15
5.65 0.85 1.7 1.55 1.15 -3.05
0.85 1.7 1.55 1.15 -3.05 7.95
1.7 1.55 1.15 -3.05 7.95 -6.85
1.55 1.15 -3.05 7.95 -6.85 -7.1
1.15 -3.05 7.95 -6.85 -7.1 -6.6
-3.05 7.95 -6.85 -7.1 -6.6 -5.5
7.95 -6.85 -7.1 -6.6 -5.5 -5.35
-6.85 -7.1 -6.6 -5.5 -5.35 -11.1
-7.1 -6.6 -5.5 -5.35 -11.1 3.3
-6.6 -5.5 -5.35 -11.1 3.3 3.35
-5.5 -5.35 -11.1 3.3 3.35 3.2
-5.35 -11.1 3.3 3.35 3.2 1.6
-11.1 3.3 3.35 3.2 1.6 3.7
3.3 3.35 3.2 1.6 3.7 -0.3
3.35 3.2 1.6 3.7 -0.3 -1.9
3.2 1.6 3.7 -0.3 -1.9 -1.9
1.6 3.7 -0.3 -1.9 -1.9 -1.95
3.7 -0.3 -1.9 -1.9 -1.95 -4.05
-0.3 -1.9 -1.9 -1.95 -4.05 -0.6
-1.9 -1.9 -1.95 -4.05 -0.6 2.4
-1.9 -1.95 -4.05 -0.6 2.4 11.2
-1.95 -4.05 -0.6 2.4 11.2 12.15
-4.05 -0.6 2.4 11.2 12.15 10.95
-0.6 2.4 11.2 12.15 10.95 6.55
2.4 11.2 12.15 10.95 6.55 1.75
11.2 12.15 10.95 6.55 1.75 19.75
12.15 10.95 6.55 1.75 19.75 0.15
10.95 6.55 1.75 19.75 0.15 -0.4
6.55 1.75 19.75 0.15 -0.4 1.3
1.75 19.75 0.15 -0.4 1.3 7
19.75 0.15 -0.4 1.3 7 9.85
0.15 -0.4 1.3 7 9.85 -6.4
-0.4 1.3 7 9.85 -6.4 -6.4
1.3 7 9.85 -6.4 -6.4 -5.7
7 9.85 -6.4 -6.4 -5.7 -7.7
9.85 -6.4 -6.4 -5.7 -7.7 -10.8
-6.4 -6.4 -5.7 -7.7 -10.8 -5.55
-6.4 -5.7 -7.7 -10.8 -5.55 0.95
-5.7 -7.7 -10.8 -5.55 0.95 -3.85
-7.7 -10.8 -5.55 0.95 -3.85 -4.55
-10.8 -5.55 0.95 -3.85 -4.55 -3.25
-5.55 0.95 -3.85 -4.55 -3.25 1.85
0.95 -3.85 -4.55 -3.25 1.85 -4.9
-3.85 -4.55 -3.25 1.85 -4.9 -9.65
-4.55 -3.25 1.85 -4.9 -9.65 1.15
-3.25 1.85 -4.9 -9.65 1.15 0.7
1.85 -4.9 -9.65 1.15 0.7 -1.6
-4.9 -9.65 1.15 0.7 -1.6 -0.7
-9.65 1.15 0.7 -1.6 -0.7 1.55
1.15 0.7 -1.6 -0.7 1.55 -0.7
0.7 -1.6 -0.7 1.55 -0.7 8.9
-1.6 -0.7 1.55 -0.7 8.9 7.3
-0.7 1.55 -0.7 8.9 7.3 10.65
1.55 -0.7 8.9 7.3 10.65 9.25
-0.7 8.9 7.3 10.65 9.25 11.05
8.9 7.3 10.65 9.25 11.05 2.55