1385.11 1356.79 1335.21 1340.1 1343.62 1317.79 1319.61 1331.05 1328.1 1316.56 1338.87 1376.51 1361.56
1356.79 1335.21 1340.1 1343.62 1317.79 1319.61 1331.05 1328.1 1316.56 1338.87 1376.51 1361.56 1404.01
1335.21 1340.1 1343.62 1317.79 1319.61 1331.05 1328.1 1316.56 1338.87 1376.51 1361.56 1404.01 1408.42
1340.1 1343.62 1317.79 1319.61 1331.05 1328.1 1316.56 1338.87 1376.51 1361.56 1404.01 1408.42 1411.91
1343.62 1317.79 1319.61 1331.05 1328.1 1316.56 1338.87 1376.51 1361.56 1404.01 1408.42 1411.91 1389.1
1317.79 1319.61 1331.05 1328.1 1316.56 1338.87 1376.51 1361.56 1404.01 1408.42 1411.91 1389.1 1397.23
1319.61 1331.05 1328.1 1316.56 1338.87 1376.51 1361.56 1404.01 1408.42 1411.91 1389.1 1397.23 1432.7
1331.05 1328.1 1316.56 1338.87 1376.51 1361.56 1404.01 1408.42 1411.91 1389.1 1397.23 1432.7 1435.31
1328.1 1316.56 1338.87 1376.51 1361.56 1404.01 1408.42 1411.91 1389.1 1397.23 1432.7 1435.31 1445.03
1316.56 1338.87 1376.51 1361.56 1404.01 1408.42 1411.91 1389.1 1397.23 1432.7 1435.31 1445.03 1452.81
1338.87 1376.51 1361.56 1404.01 1408.42 1411.91 1389.1 1397.23 1432.7 1435.31 1445.03 1452.81 1451.12
1376.51 1361.56 1404.01 1408.42 1411.91 1389.1 1397.23 1432.7 1435.31 1445.03 1452.81 1451.12 1436.66
1361.56 1404.01 1408.42 1411.91 1389.1 1397.23 1432.7 1435.31 1445.03 1452.81 1451.12 1436.66 1443.37
1404.01 1408.42 1411.91 1389.1 1397.23 1432.7 1435.31 1445.03 1452.81 1451.12 1436.66 1443.37 1469.42
1408.42 1411.91 1389.1 1397.23 1432.7 1435.31 1445.03 1452.81 1451.12 1436.66 1443.37 1469.42 1470.02
1411.91 1389.1 1397.23 1432.7 1435.31 1445.03 1452.81 1451.12 1436.66 1443.37 1469.42 1470.02 1470.79
1389.1 1397.23 1432.7 1435.31 1445.03 1452.81 1451.12 1436.66 1443.37 1469.42 1470.02 1470.79 1470.36
1397.23 1432.7 1435.31 1445.03 1452.81 1451.12 1436.66 1443.37 1469.42 1470.02 1470.79 1470.36 1466.34
1432.7 1435.31 1445.03 1452.81 1451.12 1436.66 1443.37 1469.42 1470.02 1470.79 1470.36 1466.34 1453.99
1435.31 1445.03 1452.81 1451.12 1436.66 1443.37 1469.42 1470.02 1470.79 1470.36 1466.34 1453.99 1457.3
1445.03 1452.81 1451.12 1436.66 1443.37 1469.42 1470.02 1470.79 1470.36 1466.34 1453.99 1457.3 1446.29
1452.81 1451.12 1436.66 1443.37 1469.42 1470.02 1470.79 1470.36 1466.34 1453.99 1457.3 1446.29 1492.96
1451.12 1436.66 1443.37 1469.42 1470.02 1470.79 1470.36 1466.34 1453.99 1457.3 1446.29 1492.96 1500.64
1436.66 1443.37 1469.42 1470.02 1470.79 1470.36 1466.34 1453.99 1457.3 1446.29 1492.96 1500.64 1513.83
1443.37 1469.42 1470.02 1470.79 1470.36 1466.34 1453.99 1457.3 1446.29 1492.96 1500.64 1513.83 1512.6
1469.42 1470.02 1470.79 1470.36 1466.34 1453.99 1457.3 1446.29 1492.96 1500.64 1513.83 1512.6 1514.78
1470.02 1470.79 1470.36 1466.34 1453.99 1457.3 1446.29 1492.96 1500.64 1513.83 1512.6 1514.78 1496.43
1470.79 1470.36 1466.34 1453.99 1457.3 1446.29 1492.96 1500.64 1513.83 1512.6 1514.78 1496.43 1511.69
1470.36 1466.34 1453.99 1457.3 1446.29 1492.96 1500.64 1513.83 1512.6 1514.78 1496.43 1511.69 1497.04