101 82 66 35 31 7 20 92 154 125 85 68 38
82 66 35 31 7 20 92 154 125 85 68 38 23
66 35 31 7 20 92 154 125 85 68 38 23 10
35 31 7 20 92 154 125 85 68 38 23 10 24
31 7 20 92 154 125 85 68 38 23 10 24 83
7 20 92 154 125 85 68 38 23 10 24 83 132
20 92 154 125 85 68 38 23 10 24 83 132 131
92 154 125 85 68 38 23 10 24 83 132 131 118
154 125 85 68 38 23 10 24 83 132 131 118 90
125 85 68 38 23 10 24 83 132 131 118 90 67
85 68 38 23 10 24 83 132 131 118 90 67 60
68 38 23 10 24 83 132 131 118 90 67 60 47
38 23 10 24 83 132 131 118 90 67 60 47 41
23 10 24 83 132 131 118 90 67 60 47 41 21
10 24 83 132 131 118 90 67 60 47 41 21 16
24 83 132 131 118 90 67 60 47 41 21 16 6
83 132 131 118 90 67 60 47 41 21 16 6 4
132 131 118 90 67 60 47 41 21 16 6 4 7
131 118 90 67 60 47 41 21 16 6 4 7 14
118 90 67 60 47 41 21 16 6 4 7 14 34
90 67 60 47 41 21 16 6 4 7 14 34 45
67 60 47 41 21 16 6 4 7 14 34 45 43
60 47 41 21 16 6 4 7 14 34 45 43 48
47 41 21 16 6 4 7 14 34 45 43 48 42
41 21 16 6 4 7 14 34 45 43 48 42 28
21 16 6 4 7 14 34 45 43 48 42 28 10
16 6 4 7 14 34 45 43 48 42 28 10 8
6 4 7 14 34 45 43 48 42 28 10 8 2
4 7 14 34 45 43 48 42 28 10 8 2 0
7 14 34 45 43 48 42 28 10 8 2 0 1
14 34 45 43 48 42 28 10 8 2 0 1 5
34 45 43 48 42 28 10 8 2 0 1 5 12
45 43 48 42 28 10 8 2 0 1 5 12 14
43 48 42 28 10 8 2 0 1 5 12 14 35
48 42 28 10 8 2 0 1 5 12 14 35 46
42 28 10 8 2 0 1 5 12 14 35 46 41
28 10 8 2 0 1 5 12 14 35 46 41 30
10 8 2 0 1 5 12 14 35 46 41 30 24
8 2 0 1 5 12 14 35 46 41 30 24 16
2 0 1 5 12 14 35 46 41 30 24 16 7
0 1 5 12 14 35 46 41 30 24 16 7 4
1 5 12 14 35 46 41 30 24 16 7 4 2
5 12 14 35 46 41 30 24 16 7 4 2 8
12 14 35 46 41 30 24 16 7 4 2 8 17
14 35 46 41 30 24 16 7 4 2 8 17 36
35 46 41 30 24 16 7 4 2 8 17 36 50
46 41 30 24 16 7 4 2 8 17 36 50 62
41 30 24 16 7 4 2 8 17 36 50 62 67
30 24 16 7 4 2 8 17 36 50 62 67 71
24 16 7 4 2 8 17 36 50 62 67 71 48
16 7 4 2 8 17 36 50 62 67 71 48 28
7 4 2 8 17 36 50 62 67 71 48 28 8
4 2 8 17 36 50 62 67 71 48 28 8 13
2 8 17 36 50 62 67 71 48 28 8 13 57
8 17 36 50 62 67 71 48 28 8 13 57 122
17 36 50 62 67 71 48 28 8 13 57 122 138
36 50 62 67 71 48 28 8 13 57 122 138 103
50 62 67 71 48 28 8 13 57 122 138 103 86
62 67 71 48 28 8 13 57 122 138 103 86 63
67 71 48 28 8 13 57 122 138 103 86 63 37
71 48 28 8 13 57 122 138 103 86 63 37 24
48 28 8 13 57 122 138 103 86 63 37 24 11
28 8 13 57 122 138 103 86 63 37 24 11 15
8 13 57 122 138 103 86 63 37 24 11 15 40
13 57 122 138 103 86 63 37 24 11 15 40 62
57 122 138 103 86 63 37 24 11 15 40 62 98
122 138 103 86 63 37 24 11 15 40 62 98 124
138 103 86 63 37 24 11 15 40 62 98 124 96
103 86 63 37 24 11 15 40 62 98 124 96 66
86 63 37 24 11 15 40 62 98 124 96 66 64
63 37 24 11 15 40 62 98 124 96 66 64 54
37 24 11 15 40 62 98 124 96 66 64 54 39
24 11 15 40 62 98 124 96 66 64 54 39 21
11 15 40 62 98 124 96 66 64 54 39 21 7
15 40 62 98 124 96 66 64 54 39 21 7 4
40 62 98 124 96 66 64 54 39 21 7 4 23
62 98 124 96 66 64 54 39 21 7 4 23 55
98 124 96 66 64 54 39 21 7 4 23 55 94
124 96 66 64 54 39 21 7 4 23 55 94 96
96 66 64 54 39 21 7 4 23 55 94 96 77
66 64 54 39 21 7 4 23 55 94 96 77 59
64 54 39 21 7 4 23 55 94 96 77 59 44
54 39 21 7 4 23 55 94 96 77 59 44 47
39 21 7 4 23 55 94 96 77 59 44 47 30
21 7 4 23 55 94 96 77 59 44 47 30 16
7 4 23 55 94 96 77 59 44 47 30 16 7
4 23 55 94 96 77 59 44 47 30 16 7 37
23 55 94 96 77 59 44 47 30 16 7 37 74