1719.81 1763.61 1728.79 1719.77 1706.7 1760.61 1717.72 1747.71 1874.8 1843.61 1859.11 1927.61 1986.44
1763.61 1728.79 1719.77 1706.7 1760.61 1717.72 1747.71 1874.8 1843.61 1859.11 1927.61 1986.44 2030.48
1728.79 1719.77 1706.7 1760.61 1717.72 1747.71 1874.8 1843.61 1859.11 1927.61 1986.44 2030.48 1902.43
1719.77 1706.7 1760.61 1717.72 1747.71 1874.8 1843.61 1859.11 1927.61 1986.44 2030.48 1902.43 2017.47
1706.7 1760.61 1717.72 1747.71 1874.8 1843.61 1859.11 1927.61 1986.44 2030.48 1902.43 2017.47 1983.76
1760.61 1717.72 1747.71 1874.8 1843.61 1859.11 1927.61 1986.44 2030.48 1902.43 2017.47 1983.76 1969.39
1717.72 1747.71 1874.8 1843.61 1859.11 1927.61 1986.44 2030.48 1902.43 2017.47 1983.76 1969.39 1897.06
1747.71 1874.8 1843.61 1859.11 1927.61 1986.44 2030.48 1902.43 2017.47 1983.76 1969.39 1897.06 1888.72
1874.8 1843.61 1859.11 1927.61 1986.44 2030.48 1902.43 2017.47 1983.76 1969.39 1897.06 1888.72 1897.88
1843.61 1859.11 1927.61 1986.44 2030.48 1902.43 2017.47 1983.76 1969.39 1897.06 1888.72 1897.88 1917.86
1859.11 1927.61 1986.44 2030.48 1902.43 2017.47 1983.76 1969.39 1897.06 1888.72 1897.88 1917.86 1871.16
1927.61 1986.44 2030.48 1902.43 2017.47 1983.76 1969.39 1897.06 1888.72 1897.88 1917.86 1871.16 1894.62
1986.44 2030.48 1902.43 2017.47 1983.76 1969.39 1897.06 1888.72 1897.88 1917.86 1871.16 1894.62 1889.64
2030.48 1902.43 2017.47 1983.76 1969.39 1897.06 1888.72 1897.88 1917.86 1871.16 1894.62 1889.64 1965.41
1902.43 2017.47 1983.76 1969.39 1897.06 1888.72 1897.88 1917.86 1871.16 1894.62 1889.64 1965.41 2001.5
2017.47 1983.76 1969.39 1897.06 1888.72 1897.88 1917.86 1871.16 1894.62 1889.64 1965.41 2001.5 2018.66
1983.76 1969.39 1897.06 1888.72 1897.88 1917.86 1871.16 1894.62 1889.64 1965.41 2001.5 2018.66 2090.77
1969.39 1897.06 1888.72 1897.88 1917.86 1871.16 1894.62 1889.64 1965.41 2001.5 2018.66 2090.77 2037.74
1897.06 1888.72 1897.88 1917.86 1871.16 1894.62 1889.64 1965.41 2001.5 2018.66 2090.77 2037.74 2079.12
1888.72 1897.88 1917.86 1871.16 1894.62 1889.64 1965.41 2001.5 2018.66 2090.77 2037.74 2079.12 2031.68
1897.88 1917.86 1871.16 1894.62 1889.64 1965.41 2001.5 2018.66 2090.77 2037.74 2079.12 2031.68 1954.22
1917.86 1871.16 1894.62 1889.64 1965.41 2001.5 2018.66 2090.77 2037.74 2079.12 2031.68 1954.22 1964.37
1871.16 1894.62 1889.64 1965.41 2001.5 2018.66 2090.77 2037.74 2079.12 2031.68 1954.22 1964.37 1975.01
1894.62 1889.64 1965.41 2001.5 2018.66 2090.77 2037.74 2079.12 2031.68 1954.22 1964.37 1975.01 1976.82
1889.64 1965.41 2001.5 2018.66 2090.77 2037.74 2079.12 2031.68 1954.22 1964.37 1975.01 1976.82 2015.69
1965.41 2001.5 2018.66 2090.77 2037.74 2079.12 2031.68 1954.22 1964.37 1975.01 1976.82 2015.69 2018.46
2001.5 2018.66 2090.77 2037.74 2079.12 2031.68 1954.22 1964.37 1975.01 1976.82 2015.69 2018.46 1987.76
2018.66 2090.77 2037.74 2079.12 2031.68 1954.22 1964.37 1975.01 1976.82 2015.69 2018.46 1987.76 1897.23
2090.77 2037.74 2079.12 2031.68 1954.22 1964.37 1975.01 1976.82 2015.69 2018.46 1987.76 1897.23 1863.8
2037.74 2079.12 2031.68 1954.22 1964.37 1975.01 1976.82 2015.69 2018.46 1987.76 1897.23 1863.8 1852.42
2079.12 2031.68 1954.22 1964.37 1975.01 1976.82 2015.69 2018.46 1987.76 1897.23 1863.8 1852.42 1851.52
2031.68 1954.22 1964.37 1975.01 1976.82 2015.69 2018.46 1987.76 1897.23 1863.8 1852.42 1851.52 1850.48
1954.22 1964.37 1975.01 1976.82 2015.69 2018.46 1987.76 1897.23 1863.8 1852.42 1851.52 1850.48 1832.91
1964.37 1975.01 1976.82 2015.69 2018.46 1987.76 1897.23 1863.8 1852.42 1851.52 1850.48 1832.91 1820.81