5272.81 5319.86 5361.57 5393.34 5386.53 5435.81 5456.54 5484.68 5497.9 5443.79 5290.61 5151.63 5180.51
5319.86 5361.57 5393.34 5386.53 5435.81 5456.54 5484.68 5497.9 5443.79 5290.61 5151.63 5180.51 4914.44
5361.57 5393.34 5386.53 5435.81 5456.54 5484.68 5497.9 5443.79 5290.61 5151.63 5180.51 4914.44 4559.75
5393.34 5386.53 5435.81 5456.54 5484.68 5497.9 5443.79 5290.61 5151.63 5180.51 4914.44 4559.75 4703.05
5386.53 5435.81 5456.54 5484.68 5497.9 5443.79 5290.61 5151.63 5180.51 4914.44 4559.75 4703.05 4717.73
5435.81 5456.54 5484.68 5497.9 5443.79 5290.61 5151.63 5180.51 4914.44 4559.75 4703.05 4717.73 4761.69
5456.54 5484.68 5497.9 5443.79 5290.61 5151.63 5180.51 4914.44 4559.75 4703.05 4717.73 4761.69 4419.29
5484.68 5497.9 5443.79 5290.61 5151.63 5180.51 4914.44 4559.75 4703.05 4717.73 4761.69 4419.29 4457.94
5497.9 5443.79 5290.61 5151.63 5180.51 4914.44 4559.75 4703.05 4717.73 4761.69 4419.29 4457.94 4417.85
5443.79 5290.61 5151.63 5180.51 4914.44 4559.75 4703.05 4717.73 4761.69 4419.29 4457.94 4417.85 4383.39
5290.61 5151.63 5180.51 4914.44 4559.75 4703.05 4717.73 4761.69 4419.29 4457.94 4417.85 4383.39 4320.77
5151.63 5180.51 4914.44 4559.75 4703.05 4717.73 4761.69 4419.29 4457.94 4417.85 4383.39 4320.77 4672.17
5180.51 4914.44 4559.75 4703.05 4717.73 4761.69 4419.29 4457.94 4417.85 4383.39 4320.77 4672.17 4599.7
4914.44 4559.75 4703.05 4717.73 4761.69 4419.29 4457.94 4417.85 4383.39 4320.77 4672.17 4599.7 4490.72
4559.75 4703.05 4717.73 4761.69 4419.29 4457.94 4417.85 4383.39 4320.77 4672.17 4599.7 4490.72 4552.32
4703.05 4717.73 4761.69 4419.29 4457.94 4417.85 4383.39 4320.77 4672.17 4599.7 4490.72 4552.32 4497.13
4717.73 4761.69 4419.29 4457.94 4417.85 4383.39 4320.77 4672.17 4599.7 4490.72 4552.32 4497.13 4568.15
4761.69 4419.29 4457.94 4417.85 4383.39 4320.77 4672.17 4599.7 4490.72 4552.32 4497.13 4568.15 4664.3
4419.29 4457.94 4417.85 4383.39 4320.77 4672.17 4599.7 4490.72 4552.32 4497.13 4568.15 4664.3 4567.03
4457.94 4417.85 4383.39 4320.77 4672.17 4599.7 4490.72 4552.32 4497.13 4568.15 4664.3 4567.03 4527.18
4417.85 4383.39 4320.77 4672.17 4599.7 4490.72 4552.32 4497.13 4568.15 4664.3 4567.03 4527.18 4370.28
4383.39 4320.77 4672.17 4599.7 4490.72 4552.32 4497.13 4568.15 4664.3 4567.03 4527.18 4370.28 4192.53
4320.77 4672.17 4599.7 4490.72 4552.32 4497.13 4568.15 4664.3 4567.03 4527.18 4370.28 4192.53 4238.18
4672.17 4599.7 4490.72 4552.32 4497.13 4568.15 4664.3 4567.03 4527.18 4370.28 4192.53 4238.18 4334.05
4599.7 4490.72 4552.32 4497.13 4568.15 4664.3 4567.03 4527.18 4370.28 4192.53 4238.18 4334.05 4299.51
4490.72 4552.32 4497.13 4568.15 4664.3 4567.03 4527.18 4370.28 4192.53 4238.18 4334.05 4299.51 4348.54
4552.32 4497.13 4568.15 4664.3 4567.03 4527.18 4370.28 4192.53 4238.18 4334.05 4299.51 4348.54 4438.27
4497.13 4568.15 4664.3 4567.03 4527.18 4370.28 4192.53 4238.18 4334.05 4299.51 4348.54 4438.27 4335.45
4568.15 4664.3 4567.03 4527.18 4370.28 4192.53 4238.18 4334.05 4299.51 4348.54 4438.27 4335.45 4292.65
4664.3 4567.03 4527.18 4370.28 4192.53 4238.18 4334.05 4299.51 4348.54 4438.27 4335.45 4292.65 4360.99
4567.03 4527.18 4370.28 4192.53 4238.18 4334.05 4299.51 4348.54 4438.27 4335.45 4292.65 4360.99 4300.52
4527.18 4370.28 4192.53 4238.18 4334.05 4299.51 4348.54 4438.27 4335.45 4292.65 4360.99 4300.52 4146.3
4370.28 4192.53 4238.18 4334.05 4299.51 4348.54 4438.27 4335.45 4292.65 4360.99 4300.52 4146.3 4165.88
4192.53 4238.18 4334.05 4299.51 4348.54 4438.27 4335.45 4292.65 4360.99 4300.52 4146.3 4165.88 4070.12
4238.18 4334.05 4299.51 4348.54 4438.27 4335.45 4292.65 4360.99 4300.52 4146.3 4165.88 4070.12 3971.26
4334.05 4299.51 4348.54 4438.27 4335.45 4292.65 4360.99 4300.52 4146.3 4165.88 4070.12 3971.26 3962.67
4299.51 4348.54 4438.27 4335.45 4292.65 4360.99 4300.52 4146.3 4165.88 4070.12 3971.26 3962.67 3820.05
4348.54 4438.27 4335.45 4292.65 4360.99 4300.52 4146.3 4165.88 4070.12 3971.26 3962.67 3820.05 3668.9
4438.27 4335.45 4292.65 4360.99 4300.52 4146.3 4165.88 4070.12 3971.26 3962.67 3820.05 3668.9 3761.61
4335.45 4292.65 4360.99 4300.52 4146.3 4165.88 4070.12 3971.26 3962.67 3820.05 3668.9 3761.61 3804.05
4292.65 4360.99 4300.52 4146.3 4165.88 4070.12 3971.26 3962.67 3820.05 3668.9 3761.61 3804.05 3796.58
4360.99 4300.52 4146.3 4165.88 4070.12 3971.26 3962.67 3820.05 3668.9 3761.61 3804.05 3796.58 3626.19
4300.52 4146.3 4165.88 4070.12 3971.26 3962.67 3820.05 3668.9 3761.61 3804.05 3796.58 3626.19 3629.62
4146.3 4165.88 4070.12 3971.26 3962.67 3820.05 3668.9 3761.61 3804.05 3796.58 3626.19 3629.62 3606.86
4165.88 4070.12 3971.26 3962.67 3820.05 3668.9 3761.61 3804.05 3796.58 3626.19 3629.62 3606.86 3411.49
4070.12 3971.26 3962.67 3820.05 3668.9 3761.61 3804.05 3796.58 3626.19 3629.62 3606.86 3411.49 3580.15
3971.26 3962.67 3820.05 3668.9 3761.61 3804.05 3796.58 3626.19 3629.62 3606.86 3411.49 3580.15 3472.71
3962.67 3820.05 3668.9 3761.61 3804.05 3796.58 3626.19 3629.62 3606.86 3411.49 3580.15 3472.71 3329.16
3820.05 3668.9 3761.61 3804.05 3796.58 3626.19 3629.62 3606.86 3411.49 3580.15 3472.71 3329.16 3347.88
3668.9 3761.61 3804.05 3796.58 3626.19 3629.62 3606.86 3411.49 3580.15 3472.71 3329.16 3347.88 3446.24
3761.61 3804.05 3796.58 3626.19 3629.62 3606.86 3411.49 3580.15 3472.71 3329.16 3347.88 3446.24 3599.62
3804.05 3796.58 3626.19 3629.62 3606.86 3411.49 3580.15 3472.71 3329.16 3347.88 3446.24 3599.62 3612.54
3796.58 3626.19 3629.62 3606.86 3411.49 3580.15 3472.71 3329.16 3347.88 3446.24 3599.62 3612.54 3413.91
3626.19 3629.62 3606.86 3411.49 3580.15 3472.71 3329.16 3347.88 3446.24 3599.62 3612.54 3413.91 3471.74
3629.62 3606.86 3411.49 3580.15 3472.71 3329.16 3347.88 3446.24 3599.62 3612.54 3413.91 3471.74 3492.89
3606.86 3411.49 3580.15 3472.71 3329.16 3347.88 3446.24 3599.62 3612.54 3413.91 3471.74 3492.89 3296.67
3411.49 3580.15 3472.71 3329.16 3347.88 3446.24 3599.62 3612.54 3413.91 3471.74 3492.89 3296.67 3348.35
3580.15 3472.71 3329.16 3347.88 3446.24 3599.62 3612.54 3413.91 3471.74 3492.89 3296.67 3348.35 3291.6
3472.71 3329.16 3347.88 3446.24 3599.62 3612.54 3413.91 3471.74 3492.89 3296.67 3348.35 3291.6 3222.74
3329.16 3347.88 3446.24 3599.62 3612.54 3413.91 3471.74 3492.89 3296.67 3348.35 3291.6 3222.74 3094.67
3347.88 3446.24 3599.62 3612.54 3413.91 3471.74 3492.89 3296.67 3348.35 3291.6 3222.74 3094.67 3116.98
3446.24 3599.62 3612.54 3413.91 3471.74 3492.89 3296.67 3348.35 3291.6 3222.74 3094.67 3116.98 3147.79
3599.62 3612.54 3413.91 3471.74 3492.89 3296.67 3348.35 3291.6 3222.74 3094.67 3116.98 3147.79 3278.33
3612.54 3413.91 3471.74 3492.89 3296.67 3348.35 3291.6 3222.74 3094.67 3116.98 3147.79 3278.33 3583.03
3413.91 3471.74 3492.89 3296.67 3348.35 3291.6 3222.74 3094.67 3116.98 3147.79 3278.33 3583.03 3557.75
3471.74 3492.89 3296.67 3348.35 3291.6 3222.74 3094.67 3116.98 3147.79 3278.33 3583.03 3557.75 3474.72
3492.89 3296.67 3348.35 3291.6 3222.74 3094.67 3116.98 3147.79 3278.33 3583.03 3557.75 3474.72 3523.41
3296.67 3348.35 3291.6 3222.74 3094.67 3116.98 3147.79 3278.33 3583.03 3557.75 3474.72 3523.41 3693.11
3348.35 3291.6 3222.74 3094.67 3116.98 3147.79 3278.33 3583.03 3557.75 3474.72 3523.41 3693.11 3761.01
3291.6 3222.74 3094.67 3116.98 3147.79 3278.33 3583.03 3557.75 3474.72 3523.41 3693.11 3761.01 3733.5
3222.74 3094.67 3116.98 3147.79 3278.33 3583.03 3557.75 3474.72 3523.41 3693.11 3761.01 3733.5 3579.15
3094.67 3116.98 3147.79 3278.33 3583.03 3557.75 3474.72 3523.41 3693.11 3761.01 3733.5 3579.15 3656.84
3116.98 3147.79 3278.33 3583.03 3557.75 3474.72 3523.41 3693.11 3761.01 3733.5 3579.15 3656.84 3613.49
3147.79 3278.33 3583.03 3557.75 3474.72 3523.41 3693.11 3761.01 3733.5 3579.15 3656.84 3613.49 3626.98
3278.33 3583.03 3557.75 3474.72 3523.41 3693.11 3761.01 3733.5 3579.15 3656.84 3613.49 3626.98 3560.24
3583.03 3557.75 3474.72 3523.41 3693.11 3761.01 3733.5 3579.15 3656.84 3613.49 3626.98 3560.24 3657.43
3557.75 3474.72 3523.41 3693.11 3761.01 3733.5 3579.15 3656.84 3613.49 3626.98 3560.24 3657.43 3637.32
3474.72 3523.41 3693.11 3761.01 3733.5 3579.15 3656.84 3613.49 3626.98 3560.24 3657.43 3637.32 3624.23
3523.41 3693.11 3761.01 3733.5 3579.15 3656.84 3613.49 3626.98 3560.24 3657.43 3637.32 3624.23 3604.76
3693.11 3761.01 3733.5 3579.15 3656.84 3613.49 3626.98 3560.24 3657.43 3637.32 3624.23 3604.76 3443.16
3761.01 3733.5 3579.15 3656.84 3613.49 3626.98 3560.24 3657.43 3637.32 3624.23 3604.76 3443.16 3544.19
3733.5 3579.15 3656.84 3613.49 3626.98 3560.24 3657.43 3637.32 3624.23 3604.76 3443.16 3544.19 3485.63
3579.15 3656.84 3613.49 3626.98 3560.24 3657.43 3637.32 3624.23 3604.76 3443.16 3544.19 3485.63 3473.09
3656.84 3613.49 3626.98 3560.24 3657.43 3637.32 3624.23 3604.76 3443.16 3544.19 3485.63 3473.09 3364.54
3613.49 3626.98 3560.24 3657.43 3637.32 3624.23 3604.76 3443.16 3544.19 3485.63 3473.09 3364.54 3375.41
3626.98 3560.24 3657.43 3637.32 3624.23 3604.76 3443.16 3544.19 3485.63 3473.09 3364.54 3375.41 3459.03
3560.24 3657.43 3637.32 3624.23 3604.76 3443.16 3544.19 3485.63 3473.09 3364.54 3375.41 3459.03 3401.44
3657.43 3637.32 3624.23 3604.76 3443.16 3544.19 3485.63 3473.09 3364.54 3375.41 3459.03 3401.44 3433.35
3637.32 3624.23 3604.76 3443.16 3544.19 3485.63 3473.09 3364.54 3375.41 3459.03 3401.44 3433.35 3459.04
3624.23 3604.76 3443.16 3544.19 3485.63 3473.09 3364.54 3375.41 3459.03 3401.44 3433.35 3459.04 3436.4
3604.76 3443.16 3544.19 3485.63 3473.09 3364.54 3375.41 3459.03 3401.44 3433.35 3459.04 3436.4 3369.91
3443.16 3544.19 3485.63 3473.09 3364.54 3375.41 3459.03 3401.44 3433.35 3459.04 3436.4 3369.91 3351.65
3544.19 3485.63 3473.09 3364.54 3375.41 3459.03 3401.44 3433.35 3459.04 3436.4 3369.91 3351.65 3329.67
3485.63 3473.09 3364.54 3375.41 3459.03 3401.44 3433.35 3459.04 3436.4 3369.91 3351.65 3329.67 3072.33
3473.09 3364.54 3375.41 3459.03 3401.44 3433.35 3459.04 3436.4 3369.91 3351.65 3329.67 3072.33 3024.24
3364.54 3375.41 3459.03 3401.44 3433.35 3459.04 3436.4 3369.91 3351.65 3329.67 3072.33 3024.24 2957.53
3375.41 3459.03 3401.44 3433.35 3459.04 3436.4 3369.91 3351.65 3329.67 3072.33 3024.24 2957.53 2868.8
3459.03 3401.44 3433.35 3459.04 3436.4 3369.91 3351.65 3329.67 3072.33 3024.24 2957.53 2868.8 2874.1
3401.44 3433.35 3459.04 3436.4 3369.91 3351.65 3329.67 3072.33 3024.24 2957.53 2868.8 2874.1 2794.75
3433.35 3459.04 3436.4 3369.91 3351.65 3329.67 3072.33 3024.24 2957.53 2868.8 2874.1 2794.75 2941.11
3459.04 3436.4 3369.91 3351.65 3329.67 3072.33 3024.24 2957.53 2868.8 2874.1 2794.75 2941.11 2748.87
3436.4 3369.91 3351.65 3329.67 3072.33 3024.24 2957.53 2868.8 2874.1 2794.75 2941.11 2748.87 2831.74
3369.91 3351.65 3329.67 3072.33 3024.24 2957.53 2868.8 2874.1 2794.75 2941.11 2748.87 2831.74 2760.42
3351.65 3329.67 3072.33 3024.24 2957.53 2868.8 2874.1 2794.75 2941.11 2748.87 2831.74 2760.42 2803.02
3329.67 3072.33 3024.24 2957.53 2868.8 2874.1 2794.75 2941.11 2748.87 2831.74 2760.42 2803.02 2905.01
3072.33 3024.24 2957.53 2868.8 2874.1 2794.75 2941.11 2748.87 2831.74 2760.42 2803.02 2905.01 2901.85
3024.24 2957.53 2868.8 2874.1 2794.75 2941.11 2748.87 2831.74 2760.42 2803.02 2905.01 2901.85 2748.43
2957.53 2868.8 2874.1 2794.75 2941.11 2748.87 2831.74 2760.42 2803.02 2905.01 2901.85 2748.43 2736.1
2868.8 2874.1 2794.75 2941.11 2748.87 2831.74 2760.42 2803.02 2905.01 2901.85 2748.43 2736.1 2651.61
2874.1 2794.75 2941.11 2748.87 2831.74 2760.42 2803.02 2905.01 2901.85 2748.43 2736.1 2651.61 2651.73
2794.75 2941.11 2748.87 2831.74 2760.42 2803.02 2905.01 2901.85 2748.43 2736.1 2651.61 2651.73 2703.53
2941.11 2748.87 2831.74 2760.42 2803.02 2905.01 2901.85 2748.43 2736.1 2651.61 2651.73 2703.53 2669.89
2748.87 2831.74 2760.42 2803.02 2905.01 2901.85 2748.43 2736.1 2651.61 2651.73 2703.53 2669.89 2792.4
2831.74 2760.42 2803.02 2905.01 2901.85 2748.43 2736.1 2651.61 2651.73 2703.53 2669.89 2792.4 2814.95
2760.42 2803.02 2905.01 2901.85 2748.43 2736.1 2651.61 2651.73 2703.53 2669.89 2792.4 2814.95 2920.55
2803.02 2905.01 2901.85 2748.43 2736.1 2651.61 2651.73 2703.53 2669.89 2792.4 2814.95 2920.55 2875.45
2905.01 2901.85 2748.43 2736.1 2651.61 2651.73 2703.53 2669.89 2792.4 2814.95 2920.55 2875.45 2856.63
2901.85 2748.43 2736.1 2651.61 2651.73 2703.53 2669.89 2792.4 2814.95 2920.55 2875.45 2856.63 2878.26
2748.43 2736.1 2651.61 2651.73 2703.53 2669.89 2792.4 2814.95 2920.55 2875.45 2856.63 2878.26 2779.45
2736.1 2651.61 2651.73 2703.53 2669.89 2792.4 2814.95 2920.55 2875.45 2856.63 2878.26 2779.45 2705.87
2651.61 2651.73 2703.53 2669.89 2792.4 2814.95 2920.55 2875.45 2856.63 2878.26 2779.45 2705.87 2684.78
2651.73 2703.53 2669.89 2792.4 2814.95 2920.55 2875.45 2856.63 2878.26 2779.45 2705.87 2684.78 2778.37
2703.53 2669.89 2792.4 2814.95 2920.55 2875.45 2856.63 2878.26 2779.45 2705.87 2684.78 2778.37 2861.42
2669.89 2792.4 2814.95 2920.55 2875.45 2856.63 2878.26 2779.45 2705.87 2684.78 2778.37 2861.42 2846.12
2792.4 2814.95 2920.55 2875.45 2856.63 2878.26 2779.45 2705.87 2684.78 2778.37 2861.42 2846.12 2837.85
2814.95 2920.55 2875.45 2856.63 2878.26 2779.45 2705.87 2684.78 2778.37 2861.42 2846.12 2837.85 2910.29
2920.55 2875.45 2856.63 2878.26 2779.45 2705.87 2684.78 2778.37 2861.42 2846.12 2837.85 2910.29 2865.1
2875.45 2856.63 2878.26 2779.45 2705.87 2684.78 2778.37 2861.42 2846.12 2837.85 2910.29 2865.1 2903.01
2856.63 2878.26 2779.45 2705.87 2684.78 2778.37 2861.42 2846.12 2837.85 2910.29 2865.1 2903.01 2850.31
2878.26 2779.45 2705.87 2684.78 2778.37 2861.42 2846.12 2837.85 2910.29 2865.1 2903.01 2850.31 2836.67
2779.45 2705.87 2684.78 2778.37 2861.42 2846.12 2837.85 2910.29 2865.1 2903.01 2850.31 2836.67 2775.72
2705.87 2684.78 2778.37 2861.42 2846.12 2837.85 2910.29 2865.1 2903.01 2850.31 2836.67 2775.72 2801.82
2684.78 2778.37 2861.42 2846.12 2837.85 2910.29 2865.1 2903.01 2850.31 2836.67 2775.72 2801.82 2741.74
2778.37 2861.42 2846.12 2837.85 2910.29 2865.1 2903.01 2850.31 2836.67 2775.72 2801.82 2741.74 2690.75
2861.42 2846.12 2837.85 2910.29 2865.1 2903.01 2850.31 2836.67 2775.72 2801.82 2741.74 2690.75 2719.37
2846.12 2837.85 2910.29 2865.1 2903.01 2850.31 2836.67 2775.72 2801.82 2741.74 2690.75 2719.37 2727.58
2837.85 2910.29 2865.1 2903.01 2850.31 2836.67 2775.72 2801.82 2741.74 2690.75 2719.37 2727.58 2605.72
2910.29 2865.1 2903.01 2850.31 2836.67 2775.72 2801.82 2741.74 2690.75 2719.37 2727.58 2605.72 2470.07
2865.1 2903.01 2850.31 2836.67 2775.72 2801.82 2741.74 2690.75 2719.37 2727.58 2605.72 2470.07 2457.2
2903.01 2850.31 2836.67 2775.72 2801.82 2741.74 2690.75 2719.37 2727.58 2605.72 2470.07 2457.2 2446.3
2850.31 2836.67 2775.72 2801.82 2741.74 2690.75 2719.37 2727.58 2605.72 2470.07 2457.2 2446.3 2437.08
2836.67 2775.72 2801.82 2741.74 2690.75 2719.37 2727.58 2605.72 2470.07 2457.2 2446.3 2437.08 2450.61
2775.72 2801.82 2741.74 2690.75 2719.37 2727.58 2605.72 2470.07 2457.2 2446.3 2437.08 2450.61 2319.87
2801.82 2741.74 2690.75 2719.37 2727.58 2605.72 2470.07 2457.2 2446.3 2437.08 2450.61 2319.87 2344.47
2741.74 2690.75 2719.37 2727.58 2605.72 2470.07 2457.2 2446.3 2437.08 2450.61 2319.87 2344.47 2523.28
2690.75 2719.37 2727.58 2605.72 2470.07 2457.2 2446.3 2437.08 2450.61 2319.87 2344.47 2523.28 2431.72
2719.37 2727.58 2605.72 2470.07 2457.2 2446.3 2437.08 2450.61 2319.87 2344.47 2523.28 2431.72 2405.23
2727.58 2605.72 2470.07 2457.2 2446.3 2437.08 2450.61 2319.87 2344.47 2523.28 2431.72 2405.23 2413.37
2605.72 2470.07 2457.2 2446.3 2437.08 2450.61 2319.87 2344.47 2523.28 2431.72 2405.23 2413.37 2350.08
2470.07 2457.2 2446.3 2437.08 2450.61 2319.87 2344.47 2523.28 2431.72 2405.23 2413.37 2350.08 2342.15
2457.2 2446.3 2437.08 2450.61 2319.87 2344.47 2523.28 2431.72 2405.23 2413.37 2350.08 2342.15 2350.14
2446.3 2437.08 2450.61 2319.87 2344.47 2523.28 2431.72 2405.23 2413.37 2350.08 2342.15 2350.14 2397.37
2437.08 2450.61 2319.87 2344.47 2523.28 2431.72 2405.23 2413.37 2350.08 2342.15 2350.14 2397.37 2325.14
2450.61 2319.87 2344.47 2523.28 2431.72 2405.23 2413.37 2350.08 2342.15 2350.14 2397.37 2325.14 2304.89
2319.87 2344.47 2523.28 2431.72 2405.23 2413.37 2350.08 2342.15 2350.14 2397.37 2325.14 2304.89 2276.67
2344.47 2523.28 2431.72 2405.23 2413.37 2350.08 2342.15 2350.14 2397.37 2325.14 2304.89 2276.67 2277.41
2523.28 2431.72 2405.23 2413.37 2350.08 2342.15 2350.14 2397.37 2325.14 2304.89 2276.67 2277.41 2202.45
2431.72 2405.23 2413.37 2350.08 2342.15 2350.14 2397.37 2325.14 2304.89 2276.67 2277.41 2202.45 2143.42
2405.23 2413.37 2350.08 2342.15 2350.14 2397.37 2325.14 2304.89 2276.67 2277.41 2202.45 2143.42 2145.78
2413.37 2350.08 2342.15 2350.14 2397.37 2325.14 2304.89 2276.67 2277.41 2202.45 2143.42 2145.78 2150.76
2350.08 2342.15 2350.14 2397.37 2325.14 2304.89 2276.67 2277.41 2202.45 2143.42 2145.78 2150.76 2078.98
2342.15 2350.14 2397.37 2325.14 2304.89 2276.67 2277.41 2202.45 2143.42 2145.78 2150.76 2078.98 2079.67
2350.14 2397.37 2325.14 2304.89 2276.67 2277.41 2202.45 2143.42 2145.78 2150.76 2078.98 2079.67 1986.64
2397.37 2325.14 2304.89 2276.67 2277.41 2202.45 2143.42 2145.78 2150.76 2078.98 2079.67 1986.64 1929.05
2325.14 2304.89 2276.67 2277.41 2202.45 2143.42 2145.78 2150.76 2078.98 2079.67 1986.64 1929.05 1895.84
2304.89 2276.67 2277.41 2202.45 2143.42 2145.78 2150.76 2078.98 2079.67 1986.64 1929.05 1895.84 2075.09
2276.67 2277.41 2202.45 2143.42 2145.78 2150.76 2078.98 2079.67 1986.64 1929.05 1895.84 2075.09 2236.41
2277.41 2202.45 2143.42 2145.78 2150.76 2078.98 2079.67 1986.64 1929.05 1895.84 2075.09 2236.41 2201.51
2202.45 2143.42 2145.78 2150.76 2078.98 2079.67 1986.64 1929.05 1895.84 2075.09 2236.41 2201.51 2216.81
2143.42 2145.78 2150.76 2078.98 2079.67 1986.64 1929.05 1895.84 2075.09 2236.41 2201.51 2216.81 2297.5
2145.78 2150.76 2078.98 2079.67 1986.64 1929.05 1895.84 2075.09 2236.41 2201.51 2216.81 2297.5 2293.78
2150.76 2078.98 2079.67 1986.64 1929.05 1895.84 2075.09 2236.41 2201.51 2216.81 2297.5 2293.78 2173.74
2078.98 2079.67 1986.64 1929.05 1895.84 2075.09 2236.41 2201.51 2216.81 2297.5 2293.78 2173.74 2157.84
2079.67 1986.64 1929.05 1895.84 2075.09 2236.41 2201.51 2216.81 2297.5 2293.78 2173.74 2157.84 2092.22
1986.64 1929.05 1895.84 2075.09 2236.41 2201.51 2216.81 2297.5 2293.78 2173.74 2157.84 2092.22 2074.58
1929.05 1895.84 2075.09 2236.41 2201.51 2216.81 2297.5 2293.78 2173.74 2157.84 2092.22 2074.58 2000.57
1895.84 2075.09 2236.41 2201.51 2216.81 2297.5 2293.78 2173.74 2157.84 2092.22 2074.58 2000.57 2073.57
2075.09 2236.41 2201.51 2216.81 2297.5 2293.78 2173.74 2157.84 2092.22 2074.58 2000.57 2073.57 2017.32
2236.41 2201.51 2216.81 2297.5 2293.78 2173.74 2157.84 2092.22 2074.58 2000.57 2073.57 2017.32 1994.67
2201.51 2216.81 2297.5 2293.78 2173.74 2157.84 2092.22 2074.58 2000.57 2073.57 2017.32 1994.67 1909.94
2216.81 2297.5 2293.78 2173.74 2157.84 2092.22 2074.58 2000.57 2073.57 2017.32 1994.67 1909.94 1930.65
2297.5 2293.78 2173.74 2157.84 2092.22 2074.58 2000.57 2073.57 2017.32 1994.67 1909.94 1930.65 1974.01
2293.78 2173.74 2157.84 2092.22 2074.58 2000.57 2073.57 2017.32 1994.67 1909.94 1930.65 1974.01 1958.53
2173.74 2157.84 2092.22 2074.58 2000.57 2073.57 2017.32 1994.67 1909.94 1930.65 1974.01 1958.53 1895.82
2157.84 2092.22 2074.58 2000.57 2073.57 2017.32 1994.67 1909.94 1930.65 1974.01 1958.53 1895.82 1875.56
2092.22 2074.58 2000.57 2073.57 2017.32 1994.67 1909.94 1930.65 1974.01 1958.53 1895.82 1875.56 1839.62
2074.58 2000.57 2073.57 2017.32 1994.67 1909.94 1930.65 1974.01 1958.53 1895.82 1875.56 1839.62 1723.35
2000.57 2073.57 2017.32 1994.67 1909.94 1930.65 1974.01 1958.53 1895.82 1875.56 1839.62 1723.35 1771.82