1320.63 1319.87 1334.68 1332.06 1372.07 1397.38 1384.86 1386.31 1466.85 1459.92 1485.62
1319.87 1334.68 1332.06 1372.07 1397.38 1384.86 1386.31 1466.85 1459.92 1485.62 1478.68
1334.68 1332.06 1372.07 1397.38 1384.86 1386.31 1466.85 1459.92 1485.62 1478.68 1482.68
1332.06 1372.07 1397.38 1384.86 1386.31 1466.85 1459.92 1485.62 1478.68 1482.68 1454.89
1372.07 1397.38 1384.86 1386.31 1466.85 1459.92 1485.62 1478.68 1482.68 1454.89 1460.53
1397.38 1384.86 1386.31 1466.85 1459.92 1485.62 1478.68 1482.68 1454.89 1460.53 1450.62
1384.86 1386.31 1466.85 1459.92 1485.62 1478.68 1482.68 1454.89 1460.53 1450.62 1479.07
1386.31 1466.85 1459.92 1485.62 1478.68 1482.68 1454.89 1460.53 1450.62 1479.07 1496.16
1466.85 1459.92 1485.62 1478.68 1482.68 1454.89 1460.53 1450.62 1479.07 1496.16 1500.64
1459.92 1485.62 1478.68 1482.68 1454.89 1460.53 1450.62 1479.07 1496.16 1500.64 1499.82
1485.62 1478.68 1482.68 1454.89 1460.53 1450.62 1479.07 1496.16 1500.64 1499.82 1480.17
1478.68 1482.68 1454.89 1460.53 1450.62 1479.07 1496.16 1500.64 1499.82 1480.17 1492.76
1482.68 1454.89 1460.53 1450.62 1479.07 1496.16 1500.64 1499.82 1480.17 1492.76 1510.67
1454.89 1460.53 1450.62 1479.07 1496.16 1500.64 1499.82 1480.17 1492.76 1510.67 1504.34
1460.53 1450.62 1479.07 1496.16 1500.64 1499.82 1480.17 1492.76 1510.67 1504.34 1510.95
1450.62 1479.07 1496.16 1500.64 1499.82 1480.17 1492.76 1510.67 1504.34 1510.95 1496.52
1479.07 1496.16 1500.64 1499.82 1480.17 1492.76 1510.67 1504.34 1510.95 1496.52 1496.47
1496.16 1500.64 1499.82 1480.17 1492.76 1510.67 1504.34 1510.95 1496.52 1496.47 1510.8
1500.64 1499.82 1480.17 1492.76 1510.67 1504.34 1510.95 1496.52 1496.47 1510.8 1509.49
1499.82 1480.17 1492.76 1510.67 1504.34 1510.95 1496.52 1496.47 1510.8 1509.49 1478.87
1480.17 1492.76 1510.67 1504.34 1510.95 1496.52 1496.47 1510.8 1509.49 1478.87 1481.94
1492.76 1510.67 1504.34 1510.95 1496.52 1496.47 1510.8 1509.49 1478.87 1481.94 1511.28
1510.67 1504.34 1510.95 1496.52 1496.47 1510.8 1509.49 1478.87 1481.94 1511.28 1513.18
1504.34 1510.95 1496.52 1496.47 1510.8 1509.49 1478.87 1481.94 1511.28 1513.18 1513.7
1510.95 1496.52 1496.47 1510.8 1509.49 1478.87 1481.94 1511.28 1513.18 1513.7 1511.93
1496.52 1496.47 1510.8 1509.49 1478.87 1481.94 1511.28 1513.18 1513.7 1511.93 1525.48
1496.47 1510.8 1509.49 1478.87 1481.94 1511.28 1513.18 1513.7 1511.93 1525.48 1524.3
1510.8 1509.49 1478.87 1481.94 1511.28 1513.18 1513.7 1511.93 1525.48 1524.3 1517.18
1509.49 1478.87 1481.94 1511.28 1513.18 1513.7 1511.93 1525.48 1524.3 1517.18 1498.34
1478.87 1481.94 1511.28 1513.18 1513.7 1511.93 1525.48 1524.3 1517.18 1498.34 1493.09
1481.94 1511.28 1513.18 1513.7 1511.93 1525.48 1524.3 1517.18 1498.34 1493.09 1468.92
1511.28 1513.18 1513.7 1511.93 1525.48 1524.3 1517.18 1498.34 1493.09 1468.92 1469.55
1513.18 1513.7 1511.93 1525.48 1524.3 1517.18 1498.34 1493.09 1468.92 1469.55 1475.01
1513.7 1511.93 1525.48 1524.3 1517.18 1498.34 1493.09 1468.92 1469.55 1475.01 1464.65
1511.93 1525.48 1524.3 1517.18 1498.34 1493.09 1468.92 1469.55 1475.01 1464.65 1466.04
1525.48 1524.3 1517.18 1498.34 1493.09 1468.92 1469.55 1475.01 1464.65 1466.04 1469.27
1524.3 1517.18 1498.34 1493.09 1468.92 1469.55 1475.01 1464.65 1466.04 1469.27 1459.89
1517.18 1498.34 1493.09 1468.92 1469.55 1475.01 1464.65 1466.04 1469.27 1459.89 1469.96
1498.34 1493.09 1468.92 1469.55 1475.01 1464.65 1466.04 1469.27 1459.89 1469.96 1464.54
1493.09 1468.92 1469.55 1475.01 1464.65 1466.04 1469.27 1459.89 1469.96 1464.54 1474.66
1468.92 1469.55 1475.01 1464.65 1466.04 1469.27 1459.89 1469.96 1464.54 1474.66 1477.77
1469.55 1475.01 1464.65 1466.04 1469.27 1459.89 1469.96 1464.54 1474.66 1477.77 1462.4
1475.01 1464.65 1466.04 1469.27 1459.89 1469.96 1464.54 1474.66 1477.77 1462.4 1456.27
1464.65 1466.04 1469.27 1459.89 1469.96 1464.54 1474.66 1477.77 1462.4 1456.27 1499.35
1466.04 1469.27 1459.89 1469.96 1464.54 1474.66 1477.77 1462.4 1456.27 1499.35 1491.94
1469.27 1459.89 1469.96 1464.54 1474.66 1477.77 1462.4 1456.27 1499.35 1491.94 1510.58
1459.89 1469.96 1464.54 1474.66 1477.77 1462.4 1456.27 1499.35 1491.94 1510.58 1522.55
1469.96 1464.54 1474.66 1477.77 1462.4 1456.27 1499.35 1491.94 1510.58 1522.55 1521.32
1464.54 1474.66 1477.77 1462.4 1456.27 1499.35 1491.94 1510.58 1522.55 1521.32 1511.73
1474.66 1477.77 1462.4 1456.27 1499.35 1491.94 1510.58 1522.55 1521.32 1511.73 1521.13
1477.77 1462.4 1456.27 1499.35 1491.94 1510.58 1522.55 1521.32 1511.73 1521.13 1515.13
1462.4 1456.27 1499.35 1491.94 1510.58 1522.55 1521.32 1511.73 1521.13 1515.13 1520.55
1456.27 1499.35 1491.94 1510.58 1522.55 1521.32 1511.73 1521.13 1515.13 1520.55 1543.67
1499.35 1491.94 1510.58 1522.55 1521.32 1511.73 1521.13 1515.13 1520.55 1543.67 1551.18
1491.94 1510.58 1522.55 1521.32 1511.73 1521.13 1515.13 1520.55 1543.67 1551.18 1576.86
1510.58 1522.55 1521.32 1511.73 1521.13 1515.13 1520.55 1543.67 1551.18 1576.86 1616.07
1522.55 1521.32 1511.73 1521.13 1515.13 1520.55 1543.67 1551.18 1576.86 1616.07 1631.47
1521.32 1511.73 1521.13 1515.13 1520.55 1543.67 1551.18 1576.86 1616.07 1631.47 1606.24
1511.73 1521.13 1515.13 1520.55 1543.67 1551.18 1576.86 1616.07 1631.47 1606.24 1613.6
1521.13 1515.13 1520.55 1543.67 1551.18 1576.86 1616.07 1631.47 1606.24 1613.6 1603.08
1515.13 1520.55 1543.67 1551.18 1576.86 1616.07 1631.47 1606.24 1613.6 1603.08 1571.71
1520.55 1543.67 1551.18 1576.86 1616.07 1631.47 1606.24 1613.6 1603.08 1571.71 1568.69
1543.67 1551.18 1576.86 1616.07 1631.47 1606.24 1613.6 1603.08 1571.71 1568.69 1541.96
1551.18 1576.86 1616.07 1631.47 1606.24 1613.6 1603.08 1571.71 1568.69 1541.96 1503.59
1576.86 1616.07 1631.47 1606.24 1613.6 1603.08 1571.71 1568.69 1541.96 1503.59 1487.15
1616.07 1631.47 1606.24 1613.6 1603.08 1571.71 1568.69 1541.96 1503.59 1487.15 1537.69
1631.47 1606.24 1613.6 1603.08 1571.71 1568.69 1541.96 1503.59 1487.15 1537.69 1509.31
1606.24 1613.6 1603.08 1571.71 1568.69 1541.96 1503.59 1487.15 1537.69 1509.31 1521.44
1613.6 1603.08 1571.71 1568.69 1541.96 1503.59 1487.15 1537.69 1509.31 1521.44 1531.87
1603.08 1571.71 1568.69 1541.96 1503.59 1487.15 1537.69 1509.31 1521.44 1531.87 1485.31
1571.71 1568.69 1541.96 1503.59 1487.15 1537.69 1509.31 1521.44 1531.87 1485.31 1522.92
1568.69 1541.96 1503.59 1487.15 1537.69 1509.31 1521.44 1531.87 1485.31 1522.92 1555.29
1541.96 1503.59 1487.15 1537.69 1509.31 1521.44 1531.87 1485.31 1522.92 1555.29 1554.45
1503.59 1487.15 1537.69 1509.31 1521.44 1531.87 1485.31 1522.92 1555.29 1554.45 1555.45
1487.15 1537.69 1509.31 1521.44 1531.87 1485.31 1522.92 1555.29 1554.45 1555.45 1535.52
1537.69 1509.31 1521.44 1531.87 1485.31 1522.92 1555.29 1554.45 1555.45 1535.52 1533.48
1509.31 1521.44 1531.87 1485.31 1522.92 1555.29 1554.45 1555.45 1535.52 1533.48 1546.11
1521.44 1531.87 1485.31 1522.92 1555.29 1554.45 1555.45 1535.52 1533.48 1546.11 1560.96
1531.87 1485.31 1522.92 1555.29 1554.45 1555.45 1535.52 1533.48 1546.11 1560.96 1569.51
1485.31 1522.92 1555.29 1554.45 1555.45 1535.52 1533.48 1546.11 1560.96 1569.51 1568.34
1522.92 1555.29 1554.45 1555.45 1535.52 1533.48 1546.11 1560.96 1569.51 1568.34 1551.81
1555.29 1554.45 1555.45 1535.52 1533.48 1546.11 1560.96 1569.51 1568.34 1551.81 1568.16
1554.45 1555.45 1535.52 1533.48 1546.11 1560.96 1569.51 1568.34 1551.81 1568.16 1576.26
1555.45 1535.52 1533.48 1546.11 1560.96 1569.51 1568.34 1551.81 1568.16 1576.26 1576.53
1535.52 1533.48 1546.11 1560.96 1569.51 1568.34 1551.81 1568.16 1576.26 1576.53 1562.24
1533.48 1546.11 1560.96 1569.51 1568.34 1551.81 1568.16 1576.26 1576.53 1562.24 1574.11
1546.11 1560.96 1569.51 1568.34 1551.81 1568.16 1576.26 1576.53 1562.24 1574.11 1556.25
1560.96 1569.51 1568.34 1551.81 1568.16 1576.26 1576.53 1562.24 1574.11 1556.25 1538.92
1569.51 1568.34 1551.81 1568.16 1576.26 1576.53 1562.24 1574.11 1556.25 1538.92 1530.22
1568.34 1551.81 1568.16 1576.26 1576.53 1562.24 1574.11 1556.25 1538.92 1530.22 1538.76
1551.81 1568.16 1576.26 1576.53 1562.24 1574.11 1556.25 1538.92 1530.22 1538.76 1565.84
1568.16 1576.26 1576.53 1562.24 1574.11 1556.25 1538.92 1530.22 1538.76 1565.84 1562.11
1576.26 1576.53 1562.24 1574.11 1556.25 1538.92 1530.22 1538.76 1565.84 1562.11 1566.77
1576.53 1562.24 1574.11 1556.25 1538.92 1530.22 1538.76 1565.84 1562.11 1566.77 1559.71
1562.24 1574.11 1556.25 1538.92 1530.22 1538.76 1565.84 1562.11 1566.77 1559.71 1557.18
1574.11 1556.25 1538.92 1530.22 1538.76 1565.84 1562.11 1566.77 1559.71 1557.18 1553.88
1556.25 1538.92 1530.22 1538.76 1565.84 1562.11 1566.77 1559.71 1557.18 1553.88 1538.75
1538.92 1530.22 1538.76 1565.84 1562.11 1566.77 1559.71 1557.18 1553.88 1538.75 1529.47
1530.22 1538.76 1565.84 1562.11 1566.77 1559.71 1557.18 1553.88 1538.75 1529.47 1511.37
1538.76 1565.84 1562.11 1566.77 1559.71 1557.18 1553.88 1538.75 1529.47 1511.37 1512.43
1565.84 1562.11 1566.77 1559.71 1557.18 1553.88 1538.75 1529.47 1511.37 1512.43 1502.08
1562.11 1566.77 1559.71 1557.18 1553.88 1538.75 1529.47 1511.37 1512.43 1502.08 1515.38
1566.77 1559.71 1557.18 1553.88 1538.75 1529.47 1511.37 1512.43 1502.08 1515.38 1497.05
1559.71 1557.18 1553.88 1538.75 1529.47 1511.37 1512.43 1502.08 1515.38 1497.05 1486.02
1557.18 1553.88 1538.75 1529.47 1511.37 1512.43 1502.08 1515.38 1497.05 1486.02 1484.7
1553.88 1538.75 1529.47 1511.37 1512.43 1502.08 1515.38 1497.05 1486.02 1484.7 1499.68
1538.75 1529.47 1511.37 1512.43 1502.08 1515.38 1497.05 1486.02 1484.7 1499.68 1504.44
1529.47 1511.37 1512.43 1502.08 1515.38 1497.05 1486.02 1484.7 1499.68 1504.44 1502.35
1511.37 1512.43 1502.08 1515.38 1497.05 1486.02 1484.7 1499.68 1504.44 1502.35 1501.48
1512.43 1502.08 1515.38 1497.05 1486.02 1484.7 1499.68 1504.44 1502.35 1501.48 1512.02
1502.08 1515.38 1497.05 1486.02 1484.7 1499.68 1504.44 1502.35 1501.48 1512.02 1503.31
1515.38 1497.05 1486.02 1484.7 1499.68 1504.44 1502.35 1501.48 1512.02 1503.31 1531.93
1497.05 1486.02 1484.7 1499.68 1504.44 1502.35 1501.48 1512.02 1503.31 1531.93 1528.85
1486.02 1484.7 1499.68 1504.44 1502.35 1501.48 1512.02 1503.31 1531.93 1528.85 1521.41
1484.7 1499.68 1504.44 1502.35 1501.48 1512.02 1503.31 1531.93 1528.85 1521.41 1525.44
1499.68 1504.44 1502.35 1501.48 1512.02 1503.31 1531.93 1528.85 1521.41 1525.44 1529.49
1504.44 1502.35 1501.48 1512.02 1503.31 1531.93 1528.85 1521.41 1525.44 1529.49 1539.36
1502.35 1501.48 1512.02 1503.31 1531.93 1528.85 1521.41 1525.44 1529.49 1539.36 1507.16
1501.48 1512.02 1503.31 1531.93 1528.85 1521.41 1525.44 1529.49 1539.36 1507.16 1495.89
1512.02 1503.31 1531.93 1528.85 1521.41 1525.44 1529.49 1539.36 1507.16 1495.89 1498.48
1503.31 1531.93 1528.85 1521.41 1525.44 1529.49 1539.36 1507.16 1495.89 1498.48 1502.15
1531.93 1528.85 1521.41 1525.44 1529.49 1539.36 1507.16 1495.89 1498.48 1502.15 1493.45
1528.85 1521.41 1525.44 1529.49 1539.36 1507.16 1495.89 1498.48 1502.15 1493.45 1477.65
1521.41 1525.44 1529.49 1539.36 1507.16 1495.89 1498.48 1502.15 1493.45 1477.65 1470.39
1525.44 1529.49 1539.36 1507.16 1495.89 1498.48 1502.15 1493.45 1477.65 1470.39 1477.3
1529.49 1539.36 1507.16 1495.89 1498.48 1502.15 1493.45 1477.65 1470.39 1477.3 1479.65
1539.36 1507.16 1495.89 1498.48 1502.15 1493.45 1477.65 1470.39 1477.3 1479.65 1476.74
1507.16 1495.89 1498.48 1502.15 1493.45 1477.65 1470.39 1477.3 1479.65 1476.74 1476.97
1495.89 1498.48 1502.15 1493.45 1477.65 1470.39 1477.3 1479.65 1476.74 1476.97 1494.37
1498.48 1502.15 1493.45 1477.65 1470.39 1477.3 1479.65 1476.74 1476.97 1494.37 1494.31
1502.15 1493.45 1477.65 1470.39 1477.3 1479.65 1476.74 1476.97 1494.37 1494.31 1486.25
1493.45 1477.65 1470.39 1477.3 1479.65 1476.74 1476.97 1494.37 1494.31 1486.25 1487.37
1477.65 1470.39 1477.3 1479.65 1476.74 1476.97 1494.37 1494.31 1486.25 1487.37 1471.27
1470.39 1477.3 1479.65 1476.74 1476.97 1494.37 1494.31 1486.25 1487.37 1471.27 1474.41
1477.3 1479.65 1476.74 1476.97 1494.37 1494.31 1486.25 1487.37 1471.27 1474.41 1479.28
1479.65 1476.74 1476.97 1494.37 1494.31 1486.25 1487.37 1471.27 1474.41 1479.28 1465.83
1476.74 1476.97 1494.37 1494.31 1486.25 1487.37 1471.27 1474.41 1479.28 1465.83 1455.9
1476.97 1494.37 1494.31 1486.25 1487.37 1471.27 1474.41 1479.28 1465.83 1455.9 1450.2
1494.37 1494.31 1486.25 1487.37 1471.27 1474.41 1479.28 1465.83 1455.9 1450.2 1445.09
1494.31 1486.25 1487.37 1471.27 1474.41 1479.28 1465.83 1455.9 1450.2 1445.09 1449.71
1486.25 1487.37 1471.27 1474.41 1479.28 1465.83 1455.9 1450.2 1445.09 1449.71 1441.66
1487.37 1471.27 1474.41 1479.28 1465.83 1455.9 1450.2 1445.09 1449.71 1441.66 1441.09
1471.27 1474.41 1479.28 1465.83 1455.9 1450.2 1445.09 1449.71 1441.66 1441.09 1438.88
1474.41 1479.28 1465.83 1455.9 1450.2 1445.09 1449.71 1441.66 1441.09 1438.88 1422.18
1479.28 1465.83 1455.9 1450.2 1445.09 1449.71 1441.66 1441.09 1438.88 1422.18 1425.21
1465.83 1455.9 1450.2 1445.09 1449.71 1441.66 1441.09 1438.88 1422.18 1425.21 1425.36
1455.9 1450.2 1445.09 1449.71 1441.66 1441.09 1438.88 1422.18 1425.21 1425.36 1415.69
1450.2 1445.09 1449.71 1441.66 1441.09 1438.88 1422.18 1425.21 1425.36 1415.69 1421.98
1445.09 1449.71 1441.66 1441.09 1438.88 1422.18 1425.21 1425.36 1415.69 1421.98 1449.82
1449.71 1441.66 1441.09 1438.88 1422.18 1425.21 1425.36 1415.69 1421.98 1449.82 1446.51
1441.66 1441.09 1438.88 1422.18 1425.21 1425.36 1415.69 1421.98 1449.82 1446.51 1447.85
1441.09 1438.88 1422.18 1425.21 1425.36 1415.69 1421.98 1449.82 1446.51 1447.85 1447.43
1438.88 1422.18 1425.21 1425.36 1415.69 1421.98 1449.82 1446.51 1447.85 1447.43 1431.53
1422.18 1425.21 1425.36 1415.69 1421.98 1449.82 1446.51 1447.85 1447.43 1431.53 1425.73
1425.21 1425.36 1415.69 1421.98 1449.82 1446.51 1447.85 1447.43 1431.53 1425.73 1420.07
1425.36 1415.69 1421.98 1449.82 1446.51 1447.85 1447.43 1431.53 1425.73 1420.07 1423.18
1415.69 1421.98 1449.82 1446.51 1447.85 1447.43 1431.53 1425.73 1420.07 1423.18 1423.96
1421.98 1449.82 1446.51 1447.85 1447.43 1431.53 1425.73 1420.07 1423.18 1423.96 1409.16
1449.82 1446.51 1447.85 1447.43 1431.53 1425.73 1420.07 1423.18 1423.96 1409.16 1397.54
1446.51 1447.85 1447.43 1431.53 1425.73 1420.07 1423.18 1423.96 1409.16 1397.54 1406.1
1447.85 1447.43 1431.53 1425.73 1420.07 1423.18 1423.96 1409.16 1397.54 1406.1 1389.82
1447.43 1431.53 1425.73 1420.07 1423.18 1423.96 1409.16 1397.54 1406.1 1389.82 1390.48
1431.53 1425.73 1420.07 1423.18 1423.96 1409.16 1397.54 1406.1 1389.82 1390.48 1391.37
1425.73 1420.07 1423.18 1423.96 1409.16 1397.54 1406.1 1389.82 1390.48 1391.37 1381.44
1420.07 1423.18 1423.96 1409.16 1397.54 1406.1 1389.82 1390.48 1391.37 1381.44 1390.17
1423.18 1423.96 1409.16 1397.54 1406.1 1389.82 1390.48 1391.37 1381.44 1390.17 1394.23
1423.96 1409.16 1397.54 1406.1 1389.82 1390.48 1391.37 1381.44 1390.17 1394.23 1376.29
1409.16 1397.54 1406.1 1389.82 1390.48 1391.37 1381.44 1390.17 1394.23 1376.29 1370.84
1397.54 1406.1 1389.82 1390.48 1391.37 1381.44 1390.17 1394.23 1376.29 1370.84 1355.34
1406.1 1389.82 1390.48 1391.37 1381.44 1390.17 1394.23 1376.29 1370.84 1355.34 1367.16
1389.82 1390.48 1391.37 1381.44 1390.17 1394.23 1376.29 1370.84 1355.34 1367.16 1371.69
1390.48 1391.37 1381.44 1390.17 1394.23 1376.29 1370.84 1355.34 1367.16 1371.69 1369.17
1391.37 1381.44 1390.17 1394.23 1376.29 1370.84 1355.34 1367.16 1371.69 1369.17 1404.01
1381.44 1390.17 1394.23 1376.29 1370.84 1355.34 1367.16 1371.69 1369.17 1404.01 1399.66
1390.17 1394.23 1376.29 1370.84 1355.34 1367.16 1371.69 1369.17 1404.01 1399.66 1388.17
1394.23 1376.29 1370.84 1355.34 1367.16 1371.69 1369.17 1404.01 1399.66 1388.17 1383.1
1376.29 1370.84 1355.34 1367.16 1371.69 1369.17 1404.01 1399.66 1388.17 1383.1 1365.51
1370.84 1355.34 1367.16 1371.69 1369.17 1404.01 1399.66 1388.17 1383.1 1365.51 1370.58
1355.34 1367.16 1371.69 1369.17 1404.01 1399.66 1388.17 1383.1 1365.51 1370.58 1359.5
1367.16 1371.69 1369.17 1404.01 1399.66 1388.17 1383.1 1365.51 1370.58 1359.5 1364.3
1371.69 1369.17 1404.01 1399.66 1388.17 1383.1 1365.51 1370.58 1359.5 1364.3 1398.01
1369.17 1404.01 1399.66 1388.17 1383.1 1365.51 1370.58 1359.5 1364.3 1398.01 1386.65
1404.01 1399.66 1388.17 1383.1 1365.51 1370.58 1359.5 1364.3 1398.01 1386.65 1381.83
1399.66 1388.17 1383.1 1365.51 1370.58 1359.5 1364.3 1398.01 1386.65 1381.83 1369.46
1388.17 1383.1 1365.51 1370.58 1359.5 1364.3 1398.01 1386.65 1381.83 1369.46 1369.33
1383.1 1365.51 1370.58 1359.5 1364.3 1398.01 1386.65 1381.83 1369.46 1369.33 1361.49
1365.51 1370.58 1359.5 1364.3 1398.01 1386.65 1381.83 1369.46 1369.33 1361.49 1344.63
1370.58 1359.5 1364.3 1398.01 1386.65 1381.83 1369.46 1369.33 1361.49 1344.63 1348.3
1359.5 1364.3 1398.01 1386.65 1381.83 1369.46 1369.33 1361.49 1344.63 1348.3 1364.06
1364.3 1398.01 1386.65 1381.83 1369.46 1369.33 1361.49 1344.63 1348.3 1364.06 1389.55
1398.01 1386.65 1381.83 1369.46 1369.33 1361.49 1344.63 1348.3 1364.06 1389.55 1385.11
1386.65 1381.83 1369.46 1369.33 1361.49 1344.63 1348.3 1364.06 1389.55 1385.11 1356.79
1381.83 1369.46 1369.33 1361.49 1344.63 1348.3 1364.06 1389.55 1385.11 1356.79 1335.21
1369.46 1369.33 1361.49 1344.63 1348.3 1364.06 1389.55 1385.11 1356.79 1335.21 1340.1
1369.33 1361.49 1344.63 1348.3 1364.06 1389.55 1385.11 1356.79 1335.21 1340.1 1343.62
1361.49 1344.63 1348.3 1364.06 1389.55 1385.11 1356.79 1335.21 1340.1 1343.62 1317.79
1344.63 1348.3 1364.06 1389.55 1385.11 1356.79 1335.21 1340.1 1343.62 1317.79 1319.61
1348.3 1364.06 1389.55 1385.11 1356.79 1335.21 1340.1 1343.62 1317.79 1319.61 1331.05
1364.06 1389.55 1385.11 1356.79 1335.21 1340.1 1343.62 1317.79 1319.61 1331.05 1328.1
1389.55 1385.11 1356.79 1335.21 1340.1 1343.62 1317.79 1319.61 1331.05 1328.1 1316.56
1385.11 1356.79 1335.21 1340.1 1343.62 1317.79 1319.61 1331.05 1328.1 1316.56 1338.87
1356.79 1335.21 1340.1 1343.62 1317.79 1319.61 1331.05 1328.1 1316.56 1338.87 1376.51
1335.21 1340.1 1343.62 1317.79 1319.61 1331.05 1328.1 1316.56 1338.87 1376.51 1361.56
1340.1 1343.62 1317.79 1319.61 1331.05 1328.1 1316.56 1338.87 1376.51 1361.56 1404.01
1343.62 1317.79 1319.61 1331.05 1328.1 1316.56 1338.87 1376.51 1361.56 1404.01 1408.42
1317.79 1319.61 1331.05 1328.1 1316.56 1338.87 1376.51 1361.56 1404.01 1408.42 1411.91
1319.61 1331.05 1328.1 1316.56 1338.87 1376.51 1361.56 1404.01 1408.42 1411.91 1389.1
1331.05 1328.1 1316.56 1338.87 1376.51 1361.56 1404.01 1408.42 1411.91 1389.1 1397.23
1328.1 1316.56 1338.87 1376.51 1361.56 1404.01 1408.42 1411.91 1389.1 1397.23 1432.7
1316.56 1338.87 1376.51 1361.56 1404.01 1408.42 1411.91 1389.1 1397.23 1432.7 1435.31
1338.87 1376.51 1361.56 1404.01 1408.42 1411.91 1389.1 1397.23 1432.7 1435.31 1445.03
1376.51 1361.56 1404.01 1408.42 1411.91 1389.1 1397.23 1432.7 1435.31 1445.03 1452.81
1361.56 1404.01 1408.42 1411.91 1389.1 1397.23 1432.7 1435.31 1445.03 1452.81 1451.12
1404.01 1408.42 1411.91 1389.1 1397.23 1432.7 1435.31 1445.03 1452.81 1451.12 1436.66
1408.42 1411.91 1389.1 1397.23 1432.7 1435.31 1445.03 1452.81 1451.12 1436.66 1443.37
1411.91 1389.1 1397.23 1432.7 1435.31 1445.03 1452.81 1451.12 1436.66 1443.37 1469.42
1389.1 1397.23 1432.7 1435.31 1445.03 1452.81 1451.12 1436.66 1443.37 1469.42 1470.02
1397.23 1432.7 1435.31 1445.03 1452.81 1451.12 1436.66 1443.37 1469.42 1470.02 1470.79
1432.7 1435.31 1445.03 1452.81 1451.12 1436.66 1443.37 1469.42 1470.02 1470.79 1470.36
1435.31 1445.03 1452.81 1451.12 1436.66 1443.37 1469.42 1470.02 1470.79 1470.36 1466.34
1445.03 1452.81 1451.12 1436.66 1443.37 1469.42 1470.02 1470.79 1470.36 1466.34 1453.99
1452.81 1451.12 1436.66 1443.37 1469.42 1470.02 1470.79 1470.36 1466.34 1453.99 1457.3
1451.12 1436.66 1443.37 1469.42 1470.02 1470.79 1470.36 1466.34 1453.99 1457.3 1446.29
1436.66 1443.37 1469.42 1470.02 1470.79 1470.36 1466.34 1453.99 1457.3 1446.29 1492.96
1443.37 1469.42 1470.02 1470.79 1470.36 1466.34 1453.99 1457.3 1446.29 1492.96 1500.64
1469.42 1470.02 1470.79 1470.36 1466.34 1453.99 1457.3 1446.29 1492.96 1500.64 1513.83
1470.02 1470.79 1470.36 1466.34 1453.99 1457.3 1446.29 1492.96 1500.64 1513.83 1512.6
1470.79 1470.36 1466.34 1453.99 1457.3 1446.29 1492.96 1500.64 1513.83 1512.6 1514.78
1470.36 1466.34 1453.99 1457.3 1446.29 1492.96 1500.64 1513.83 1512.6 1514.78 1496.43
1466.34 1453.99 1457.3 1446.29 1492.96 1500.64 1513.83 1512.6 1514.78 1496.43 1511.69