-1.00443 0.20252 0.21894 
0.42788 0.54393 0.55550
0.42784 -0.06423 0.55450
0.19065 0.20282 0.21753
-0.08663 0.54314 0.55555
-0.08650 0.22271 0.21729
0.22014 0.24743 0.21212
0.22033 -0.42606 -0.42027
0.26083 -0.38460 -0.42001
-0.41642 -1.00354 -1.00341
-0.37332 0.42923 0.42950
0.26028 0.42751 0.42948
-0.41638 0.21954 0.21223
-0.37328 -0.41289 -0.42017
0.27120 -0.41301 -0.42000
-0.39518 -1.00390 -1.00340
-0.39529 0.42764 0.42931
0.37545 0.42939 0.42944
0.37529 0.24799 0.21012
0.51736 -0.42631 -0.42010
