1610.13
1581.47
1618.52
1612.68
1592.42
1586.49
1600.43
1628.84
1590.73
1623.88
1649.28
1685.16
1693.43
1679.19
1703.53
1691.01
1677.76
1663.83
1658.54
1696.83
1703.77
1717.1
1717.02
1721.75
1681.65
1682.3
1647.38
1654.9
1675.07
1689.76
1687.28
1661.81
1668.87
1662.1
1637.14
1637.1
1678.07
1691.64
1694.74
1736.22
1745.54
1745.1
1717.26
1747.87
1755.69
1755.69
1740.05
1736.48
1734.05
1719.67
1724.28
1741.62
1758.15
1768.65
1766.48
1777.52
1774.55
1727.35
1722.99
1715.14
1697.16
1679.08
1693.86
1675.89
1651.58
1657.79
1635.5
1635.5
1611.86
1606.8
1579.45
1595.59